5152,0,1634
5152,0,423
5152,0,3848
5152,0,5153
1634,0,423
1634,0,3848
1634,0,5153
1634,0,6170
1634,0,73
423,0,3848
423,0,5153
423,0,1548
3848,0,5153
17,0,83
17,0,9
17,0,21
17,0,5589
17,0,2365
17,0,5312
17,0,5384
83,0,9
83,0,21
83,0,6802
83,0,6803
83,0,6804
9,0,21
9,0,13
9,0,1913
9,0,5225
9,0,38
9,0,5274
9,0,32
9,0,9
9,0,5499
9,0,2029
9,0,926
9,0,966
9,0,913
9,0,4284
9,0,5691
9,0,5823
9,0,5824
9,0,5825
9,0,42
9,0,126
9,0,6016
9,0,4422
9,0,6017
9,0,11
9,0,261
9,0,6182
9,0,6222
9,0,6289
9,0,6290
9,0,6291
9,0,6292
9,0,2745
9,0,71
9,0,371
9,0,2437
9,0,1659
9,0,764
9,0,23
9,0,7
9,0,1151
9,0,166
9,0,194
9,0,6673
9,0,6674
9,0,73
9,0,6731
9,0,258
9,0,6755
9,0,177
9,0,58
9,0,153
9,0,2102
9,0,527
9,0,7057
9,0,1180
9,0,2285
9,0,7058
9,0,904
9,0,356
9,0,296
9,0,323
9,0,7090
9,0,7215
9,0,48
9,0,199
9,0,1181
9,0,7415
9,0,7477
9,0,3073
9,0,451
9,0,5619
9,0,6684
21,0,2877
21,0,261
21,0,1227
21,0,7008
21,0,13
21,0,356
21,0,296
21,0,73
21,0,7477
21,0,7528
5157,0,13
5157,0,5157
13,0,1913
13,0,5225
13,0,38
13,0,5262
13,0,2735
13,0,13
13,0,621
13,0,4284
13,0,5691
13,0,906
13,0,5935
13,0,5252
13,0,6037
13,0,622
13,0,2771
13,0,258
13,0,6273
13,0,6289
13,0,6290
13,0,6291
13,0,6292
13,0,6312
13,0,2745
13,0,166
13,0,371
13,0,2437
13,0,23
13,0,7
13,0,126
13,0,4038
13,0,177
13,0,73
13,0,58
13,0,6821
13,0,451
13,0,5159
13,0,6907
13,0,76
13,0,6971
13,0,4090
13,0,773
13,0,323
13,0,527
13,0,764
13,0,904
13,0,11
13,0,356
13,0,7167
13,0,261
13,0,296
13,0,7464
13,0,3073
13,0,5198
13,0,7542
153,0,98
153,0,6520
98,0,48
98,0,4771
98,0,6212
5181,0,5182
32,0,2373
32,0,32
32,0,5206
32,0,5212
32,0,724
32,0,3182
32,0,73
32,0,144
32,0,2161
2373,0,5206
2373,0,1256
2373,0,5246
2373,0,310
2373,0,5247
2373,0,3137
2373,0,67
5212,0,724
5212,0,3182
724,0,3182
1913,0,5225
1913,0,38
5225,0,38
177,0,412
177,0,108
177,0,42
177,0,5240
177,0,5846
177,0,6755
177,0,4038
177,0,371
412,0,108
412,0,42
412,0,5240
108,0,42
108,0,5240
108,0,108
42,0,5240
42,0,42
42,0,5823
42,0,5824
42,0,5825
1256,0,5246
1256,0,310
1256,0,1256
1256,0,5247
1256,0,3137
1256,0,67
5246,0,310
5246,0,5247
5246,0,3137
5246,0,67
310,0,310
310,0,5247
310,0,3137
310,0,67
5247,0,3137
5247,0,67
3137,0,67
832,0,5281
5291,0,1623
5291,0,5292
5291,0,5291
1623,0,5292
261,0,73
261,0,11
261,0,3921
261,0,6677
261,0,2745
261,0,5198
261,0,6678
261,0,6679
261,0,296
73,0,5730
73,0,96
73,0,465
73,0,987
73,0,1096
73,0,144
73,0,5992
73,0,73
73,0,5312
73,0,2745
73,0,296
73,0,7130
73,0,6170
5351,0,5351
5368,0,527
527,0,166
527,0,2986
2735,0,621
613,0,4319
1488,0,371
371,0,598
371,0,2437
371,0,4038
5589,0,2365
821,0,5627
821,0,5425
821,0,5369
821,0,5720
821,0,821
5627,0,5425
5425,0,455
5425,0,6450
926,0,966
966,0,11
687,0,5661
687,0,258
126,0,3113
126,0,6891
126,0,4472
913,0,913
4284,0,5691
666,0,667
5730,0,96
5730,0,465
5730,0,987
5730,0,1096
96,0,465
96,0,987
96,0,1096
465,0,987
465,0,1096
987,0,1096
2759,0,2130
2759,0,2759
5773,0,296
296,0,2745
296,0,294
166,0,1325
166,0,2102
166,0,2986
5823,0,5824
5823,0,5825
5824,0,5825
5825,0,258
1899,0,5874
5252,0,6057
5252,0,931
5947,0,5159
5947,0,1180
5159,0,1180
5159,0,5159
1180,0,1180
1180,0,7057
1180,0,2285
1180,0,7058
4733,0,536
6016,0,4422
6016,0,6017
4422,0,6017
6030,0,6031
5369,0,5720
60,0,60
60,0,6194
60,0,6195
60,0,6196
60,0,6718
60,0,5188
6052,0,6053
6057,0,931
30,0,1764
30,0,4330
1764,0,4330
5165,0,6082
5165,0,5198
11,0,6281
11,0,1203
11,0,1046
11,0,1546
11,0,904
11,0,4466
11,0,57
11,0,451
11,0,258
11,0,3073
2389,0,5189
2389,0,6141
5189,0,6141
6148,0,1181
1181,0,258
1181,0,1181
1181,0,7415
389,0,446
446,0,2641
446,0,4914
258,0,6350
258,0,6705
258,0,258
258,0,7268
258,0,6684
161,0,855
161,0,1404
161,0,6810
855,0,1404
6194,0,6195
6194,0,6196
6195,0,6196
6209,0,6210
48,0,4771
48,0,48
48,0,6212
4771,0,6212
2641,0,4914
5312,0,5384
6275,0,6276
6281,0,1203
6281,0,1046
1203,0,1046
6289,0,6290
6289,0,6291
6289,0,6292
6290,0,6291
6290,0,6292
6291,0,6292
6307,0,6308
2745,0,6677
2745,0,5198
2745,0,6678
2745,0,6679
71,0,1659
71,0,764
6325,0,6326
6325,0,6327
6326,0,6327
7,0,34
7,0,103
7,0,6445
7,0,6446
7,0,6447
7,0,6448
7,0,5314
7,0,6449
7,0,23
7,0,6543
7,0,6544
7,0,1254
6356,0,6357
6356,0,6358
6356,0,6359
6357,0,6358
6357,0,6359
6358,0,6359
6397,0,6398
6426,0,6427
3390,0,6433
3390,0,6434
6433,0,6434
103,0,6445
103,0,6446
103,0,6447
103,0,6448
103,0,5314
103,0,6449
6445,0,6446
6445,0,6447
6445,0,6448
6445,0,5314
6445,0,6449
6446,0,6447
6446,0,6448
6446,0,5314
6446,0,6449
6447,0,6448
6447,0,5314
6447,0,6449
6448,0,5314
6448,0,6449
5314,0,6449
455,0,6450
1659,0,764
685,0,1109
685,0,6459
685,0,6460
1109,0,6459
1109,0,6460
6459,0,6460
5507,0,2786
23,0,23
23,0,309
6543,0,6544
6543,0,1254
6544,0,1254
6558,0,64
6574,0,6575
6579,0,3449
6585,0,6586
6593,0,217
6620,0,1227
194,0,6673
194,0,6674
6673,0,6674
6677,0,5198
6677,0,6678
6677,0,6679
5198,0,6678
5198,0,6679
6678,0,6679
755,0,36
755,0,1177
36,0,1177
6718,0,5188
6726,0,1646
5602,0,6734
58,0,172
6802,0,6803
6802,0,6804
6803,0,6804
6821,0,451
451,0,5619
225,0,1128
6843,0,6843
6846,0,22
6891,0,4472
76,0,6971
76,0,4090
76,0,773
6971,0,4090
6971,0,773
4090,0,773
323,0,7090
6998,0,6999
6998,0,6797
6998,0,7000
6998,0,7001
6999,0,6797
6999,0,7000
6999,0,7001
6797,0,7000
6797,0,7001
6797,0,6797
7000,0,7001
7053,0,7053
7057,0,2285
7057,0,7058
2285,0,7058
777,0,5546
4466,0,57
7143,0,7144
7153,0,7154
4878,0,7187
212,0,3143
7314,0,5226
7376,0,3101
7399,0,7400
7466,0,1002
7466,0,167
1002,0,167
7472,0,109
7521,0,7521
7521,0,7522
663,0,6984
663,0,6571
6984,0,6571
11,1,9
11,1,13
11,1,48
11,1,5192
11,1,161
11,1,1213
11,1,5255
11,1,258
11,1,323
11,1,904
11,1,5357
11,1,5213
11,1,98
11,1,966
11,1,3331
11,1,293
11,1,1634
11,1,5514
11,1,5729
11,1,139
11,1,21
11,1,5741
11,1,5759
11,1,5760
11,1,534
11,1,371
11,1,11
11,1,350
11,1,1755
11,1,6484
11,1,2908
11,1,73
11,1,6972
11,1,94
11,1,7033
11,1,39
11,1,3939
11,1,7098
11,1,4466
11,1,96
11,1,4692
11,1,5226
9,1,13
9,1,21
9,1,258
9,1,5172
9,1,607
9,1,261
9,1,9
9,1,64
9,1,451
9,1,323
9,1,904
9,1,1227
9,1,2745
9,1,48
9,1,73
9,1,4472
9,1,2329
9,1,217
9,1,5238
9,1,1180
9,1,62
9,1,1324
9,1,687
9,1,5255
9,1,5258
9,1,5259
9,1,530
9,1,581
9,1,5269
9,1,5270
9,1,5308
9,1,5311
9,1,312
9,1,5165
9,1,5228
9,1,296
9,1,98
9,1,1386
9,1,855
9,1,294
9,1,624
9,1,1177
9,1,599
9,1,966
9,1,194
9,1,126
9,1,844
9,1,5386
9,1,5387
9,1,350
9,1,821
9,1,5395
9,1,5401
9,1,546
9,1,589
9,1,5402
9,1,371
9,1,724
9,1,153
9,1,5431
9,1,91
9,1,574
9,1,5454
9,1,5456
9,1,5457
9,1,177
9,1,5462
9,1,2214
9,1,5469
9,1,5481
9,1,536
9,1,3034
9,1,906
9,1,5504
9,1,57
9,1,5515
9,1,5516
9,1,5519
9,1,17
9,1,1013
9,1,2460
9,1,5544
9,1,5549
9,1,729
9,1,5561
9,1,5564
9,1,1129
9,1,5567
9,1,5568
9,1,791
9,1,5569
9,1,3921
9,1,5570
9,1,5587
9,1,1920
9,1,5594
9,1,5595
9,1,5604
9,1,610
9,1,2758
9,1,5623
9,1,5624
9,1,5625
9,1,5636
9,1,4284
9,1,5644
9,1,5645
9,1,5312
9,1,2999
9,1,534
9,1,212
9,1,7
9,1,32
9,1,23
9,1,5680
9,1,1046
9,1,5682
9,1,4692
9,1,5688
9,1,42
9,1,1987
9,1,983
9,1,58
9,1,5741
9,1,917
9,1,5746
9,1,618
9,1,5754
9,1,5755
9,1,2755
9,1,1537
9,1,5762
9,1,1473
9,1,480
9,1,5192
9,1,5800
9,1,5807
9,1,276
9,1,5400
9,1,5260
9,1,5834
9,1,1910
9,1,5855
9,1,5856
9,1,5857
9,1,788
9,1,5053
9,1,613
9,1,5864
9,1,426
9,1,5865
9,1,5866
9,1,2474
9,1,364
9,1,5879
9,1,5880
9,1,5881
9,1,1749
9,1,71
9,1,5929
9,1,5930
9,1,5937
9,1,777
9,1,5944
9,1,5945
9,1,5946
9,1,1988
9,1,5953
9,1,2759
9,1,5977
9,1,30
9,1,293
9,1,6026
9,1,3710
9,1,60
9,1,6041
9,1,161
9,1,6042
9,1,248
9,1,6063
9,1,5198
9,1,1332
9,1,326
9,1,1181
9,1,44
9,1,310
9,1,360
9,1,467
9,1,701
9,1,6245
9,1,6252
9,1,5691
9,1,6262
9,1,6266
9,1,4867
9,1,6272
9,1,304
9,1,108
9,1,6282
9,1,3154
9,1,6294
9,1,1899
9,1,6295
9,1,3243
9,1,560
9,1,6306
9,1,786
9,1,6340
9,1,6352
9,1,760
9,1,6353
9,1,6362
9,1,5502
9,1,6368
9,1,6391
9,1,6403
9,1,2088
9,1,6422
9,1,6436
9,1,83
9,1,65
9,1,4504
9,1,134
9,1,279
9,1,6540
9,1,39
9,1,725
9,1,1325
9,1,5200
9,1,2834
9,1,934
9,1,623
9,1,2698
9,1,5720
9,1,236
9,1,539
9,1,6642
9,1,1584
9,1,896
9,1,2982
9,1,1590
9,1,6663
9,1,6693
9,1,46
9,1,746
9,1,622
9,1,6698
9,1,38
9,1,6712
9,1,5597
9,1,6742
9,1,6743
9,1,6748
9,1,6749
9,1,6750
9,1,394
9,1,2927
9,1,6801
9,1,5922
9,1,3058
9,1,6816
9,1,5679
9,1,1661
9,1,103
9,1,6831
9,1,2833
9,1,6863
9,1,6868
9,1,6890
9,1,6898
9,1,3304
9,1,1564
9,1,412
9,1,4323
9,1,6950
9,1,251
9,1,6972
9,1,1256
9,1,1634
9,1,6510
9,1,7035
9,1,2588
9,1,946
9,1,5215
9,1,6270
9,1,7135
9,1,7136
9,1,180
9,1,243
9,1,514
9,1,76
9,1,7193
9,1,764
9,1,5070
9,1,1213
9,1,5872
9,1,594
9,1,2928
9,1,4607
9,1,7261
9,1,144
9,1,465
9,1,7269
9,1,7270
9,1,7271
9,1,7275
9,1,7276
9,1,2976
9,1,567
9,1,7313
9,1,7319
9,1,397
9,1,166
9,1,7336
9,1,479
9,1,779
9,1,7349
9,1,2942
9,1,7404
9,1,353
9,1,1602
9,1,7453
9,1,322
9,1,3195
9,1,6257
9,1,7467
9,1,96
9,1,7489
9,1,7492
9,1,7493
9,1,1531
9,1,4320
9,1,527
9,1,8
9,1,3353
9,1,7016
9,1,5452
9,1,2029
13,1,42
13,1,64
13,1,388
13,1,13
13,1,38
13,1,5196
13,1,5197
13,1,73
13,1,21
13,1,2745
13,1,261
13,1,5269
13,1,5270
13,1,48
13,1,2588
13,1,687
13,1,855
13,1,5374
13,1,5375
13,1,5409
13,1,724
13,1,5413
13,1,1056
13,1,126
13,1,5422
13,1,423
13,1,5423
13,1,5424
13,1,3331
13,1,5351
13,1,1155
13,1,216
13,1,323
13,1,258
13,1,5561
13,1,296
13,1,134
13,1,4445
13,1,5572
13,1,364
13,1,5573
13,1,153
13,1,57
13,1,5594
13,1,5595
13,1,5604
13,1,610
13,1,764
13,1,32
13,1,2799
13,1,177
13,1,1386
13,1,1948
13,1,777
13,1,243
13,1,3906
13,1,5741
13,1,917
13,1,5759
13,1,5760
13,1,5312
13,1,5763
13,1,252
13,1,5784
13,1,5785
13,1,515
13,1,5786
13,1,5792
13,1,5800
13,1,5400
13,1,1181
13,1,346
13,1,293
13,1,232
13,1,39
13,1,6131
13,1,2437
13,1,959
13,1,371
13,1,6197
13,1,2759
13,1,2029
13,1,6252
13,1,1627
13,1,6269
13,1,5165
13,1,217
13,1,6329
13,1,6352
13,1,581
13,1,1242
13,1,6425
13,1,6436
13,1,65
13,1,1004
13,1,6456
13,1,926
13,1,6484
13,1,3510
13,1,872
13,1,5322
13,1,6553
13,1,6554
13,1,71
13,1,96
13,1,1466
13,1,36
13,1,169
13,1,6572
13,1,6573
13,1,144
13,1,776
13,1,83
13,1,934
13,1,623
13,1,2698
13,1,2908
13,1,326
13,1,6124
13,1,98
13,1,6639
13,1,6640
13,1,6641
13,1,451
13,1,23
13,1,1256
13,1,6682
13,1,6742
13,1,6743
13,1,5571
13,1,6754
13,1,2574
13,1,6767
13,1,966
13,1,6786
13,1,6355
13,1,5570
13,1,5198
13,1,4472
13,1,6898
13,1,1177
13,1,1600
13,1,1180
13,1,6950
13,1,328
13,1,6402
13,1,2292
13,1,3957
13,1,7046
13,1,4284
13,1,5691
13,1,1332
13,1,6270
13,1,864
13,1,4867
13,1,7140
13,1,7141
13,1,7185
13,1,7186
13,1,1634
13,1,5326
13,1,696
13,1,498
13,1,4443
13,1,7241
13,1,5159
13,1,7263
13,1,4993
13,1,7319
13,1,2129
13,1,166
13,1,3527
13,1,7363
13,1,7065
13,1,5079
13,1,981
13,1,7397
13,1,7409
13,1,60
13,1,7414
13,1,7442
13,1,145
13,1,7
13,1,618
13,1,527
13,1,8
13,1,7530
13,1,5773
13,1,7531
1046,1,930
1046,1,5332
1046,1,5682
1046,1,5754
1046,1,73
1046,1,5755
1046,1,48
1046,1,329
21,1,258
21,1,5170
21,1,1180
21,1,5308
21,1,144
21,1,5165
21,1,296
21,1,73
21,1,1987
21,1,687
21,1,64
21,1,21
21,1,5399
21,1,2171
21,1,2106
21,1,5465
21,1,983
21,1,5198
21,1,536
21,1,261
21,1,5489
21,1,5519
21,1,212
21,1,729
21,1,1129
21,1,5567
21,1,5568
21,1,791
21,1,5569
21,1,5598
21,1,2759
21,1,312
21,1,1227
21,1,126
21,1,534
21,1,371
21,1,1177
21,1,5666
21,1,177
21,1,5688
21,1,5729
21,1,139
21,1,5746
21,1,966
21,1,5400
21,1,98
21,1,5872
21,1,5899
21,1,5965
21,1,5977
21,1,2745
21,1,6063
21,1,6135
21,1,2676
21,1,6224
21,1,6282
21,1,323
21,1,40
21,1,6371
21,1,6193
21,1,4055
21,1,2088
21,1,1548
21,1,71
21,1,6477
21,1,6537
21,1,32
21,1,6633
21,1,6634
21,1,3073
21,1,6728
21,1,1900
21,1,6737
21,1,1643
21,1,855
21,1,3058
21,1,5570
21,1,746
21,1,1332
21,1,6270
21,1,7163
21,1,76
21,1,270
21,1,7308
21,1,2129
21,1,7336
21,1,7414
21,1,1386
21,1,7442
21,1,293
21,1,7480
21,1,7489
21,1,1063
21,1,7504
21,1,7511
21,1,3245
258,1,258
258,1,504
258,1,5340
258,1,1052
258,1,5341
258,1,5392
258,1,134
258,1,5509
258,1,5510
258,1,5511
258,1,323
258,1,5512
258,1,261
258,1,30
258,1,1181
258,1,1600
258,1,5622
258,1,5700
258,1,821
258,1,966
258,1,6191
258,1,5381
258,1,108
258,1,217
258,1,6321
258,1,6322
258,1,6421
258,1,153
258,1,341
258,1,17
258,1,687
258,1,6704
258,1,5002
258,1,267
258,1,6822
258,1,493
258,1,6908
258,1,2221
258,1,855
258,1,180
258,1,7148
258,1,2745
258,1,4771
258,1,7352
258,1,7353
258,1,7388
258,1,7441
258,1,5312
258,1,7530
258,1,5773
258,1,7531
42,1,161
42,1,1818
42,1,38
42,1,4543
42,1,5255
42,1,42
42,1,6346
42,1,5351
42,1,3510
42,1,4439
42,1,23
42,1,6911
42,1,5238
42,1,328
42,1,6402
42,1,2292
42,1,7266
5162,1,5163
5165,1,139
5165,1,5198
5165,1,729
5165,1,296
5165,1,1484
5165,1,5713
5165,1,5972
5165,1,5165
5165,1,1332
5165,1,5679
5165,1,6522
5165,1,6890
5165,1,64
5165,1,7177
139,1,139
139,1,5729
607,1,261
607,1,536
261,1,5269
261,1,5270
261,1,3921
261,1,5489
261,1,5662
261,1,44
261,1,5678
261,1,216
261,1,826
261,1,261
261,1,5260
261,1,5864
261,1,296
261,1,2389
261,1,5312
261,1,5384
261,1,959
261,1,412
261,1,2588
261,1,6266
261,1,73
261,1,5602
261,1,232
261,1,2657
261,1,323
261,1,5159
261,1,1180
83,1,5178
83,1,32
83,1,776
83,1,371
83,1,7541
83,1,2029
64,1,687
64,1,126
64,1,5773
64,1,6154
64,1,62
64,1,217
64,1,64
64,1,6890
64,1,2745
5184,1,113
113,1,1764
451,1,323
451,1,904
451,1,5619
451,1,251
451,1,1181
451,1,855
451,1,1404
451,1,5226
451,1,7046
323,1,904
323,1,1181
323,1,2389
323,1,5189
323,1,17
323,1,4581
323,1,5235
323,1,5509
323,1,5510
323,1,5511
323,1,5512
323,1,5685
323,1,614
323,1,855
323,1,1404
323,1,4422
323,1,6100
323,1,6101
323,1,323
323,1,6252
323,1,6748
323,1,6749
323,1,6862
323,1,6994
323,1,1484
323,1,232
323,1,5312
323,1,2657
323,1,180
323,1,44
323,1,2221
904,1,5357
904,1,5213
904,1,5312
904,1,252
904,1,5996
904,1,5997
2928,1,3921
2928,1,5592
2928,1,5593
2928,1,5615
3921,1,5570
1181,1,2389
1181,1,5189
1181,1,5299
1181,1,30
1181,1,1600
1181,1,5580
1181,1,5601
1181,1,5602
1181,1,5312
1181,1,5650
1181,1,1181
1181,1,855
1181,1,1404
1181,1,5384
1181,1,44
1181,1,5192
1181,1,1484
1181,1,251
1181,1,6719
1181,1,1180
2389,1,5189
2389,1,5312
2389,1,5384
2389,1,2389
2389,1,6045
2389,1,527
2389,1,1600
2389,1,504
23,1,791
23,1,34
23,1,108
23,1,2130
23,1,5360
23,1,7
23,1,5404
23,1,5435
23,1,5436
23,1,1352
23,1,5437
23,1,5438
23,1,5439
23,1,5440
23,1,618
23,1,5441
23,1,5442
23,1,165
23,1,3136
23,1,5443
23,1,5444
23,1,894
23,1,3694
23,1,5445
23,1,39
23,1,5446
23,1,5447
23,1,5448
23,1,192
23,1,3774
23,1,8
23,1,3683
23,1,125
23,1,5449
23,1,4185
23,1,5450
23,1,5458
23,1,5459
23,1,5460
23,1,5861
23,1,267
23,1,5862
23,1,1434
23,1,5863
23,1,546
23,1,73
23,1,98
23,1,23
23,1,32
23,1,824
23,1,2892
23,1,1325
23,1,2373
23,1,2779
23,1,6635
23,1,6636
23,1,144
23,1,423
23,1,6699
23,1,5319
23,1,6716
23,1,308
23,1,6736
23,1,724
23,1,6355
23,1,2930
23,1,4439
23,1,6911
23,1,2927
23,1,777
23,1,6334
23,1,6963
23,1,180
23,1,504
23,1,371
23,1,5070
23,1,7258
23,1,111
23,1,22
23,1,2420
23,1,867
23,1,7333
23,1,3504
791,1,34
791,1,1129
791,1,5567
791,1,5568
791,1,5569
108,1,108
108,1,2130
108,1,5360
108,1,966
108,1,6191
108,1,5381
108,1,236
108,1,177
108,1,371
388,1,38
388,1,5196
388,1,5197
38,1,5196
38,1,5197
38,1,1818
38,1,886
38,1,1659
38,1,38
38,1,1180
38,1,298
38,1,6909
38,1,2002
38,1,7257
38,1,4069
5196,1,5197
5201,1,5201
5201,1,5202
1227,1,5329
1227,1,3001
1227,1,73
212,1,5203
212,1,534
212,1,1573
212,1,6303
212,1,126
212,1,6268
212,1,5312
212,1,73
212,1,946
212,1,177
2745,1,5679
2745,1,5836
2745,1,5885
2745,1,5886
2745,1,6008
2745,1,1177
2745,1,2745
2745,1,746
2745,1,622
2745,1,322
2745,1,5528
2745,1,6772
2745,1,7206
2745,1,7313
958,1,958
48,1,5192
48,1,5400
48,1,3632
48,1,5715
48,1,73
48,1,2174
48,1,5724
48,1,5725
48,1,5726
48,1,364
48,1,2329
48,1,6391
48,1,6420
48,1,966
48,1,350
48,1,6457
48,1,6720
48,1,6721
48,1,5228
48,1,6722
48,1,2833
48,1,6863
48,1,2759
48,1,687
48,1,7116
48,1,7230
48,1,4443
48,1,48
48,1,7300
48,1,329
48,1,5655
48,1,57
48,1,527
48,1,7016
32,1,2657
32,1,394
32,1,5249
32,1,5508
32,1,32
32,1,6121
32,1,824
32,1,6537
32,1,312
32,1,6769
32,1,6334
32,1,6963
32,1,1325
32,1,3255
32,1,504
32,1,144
32,1,465
32,1,7277
32,1,618
32,1,7360
32,1,7405
32,1,1050
32,1,2373
32,1,1256
2657,1,591
2657,1,144
2657,1,232
2657,1,5312
73,1,73
73,1,687
73,1,5256
73,1,126
73,1,5431
73,1,1634
73,1,296
73,1,5715
73,1,5744
73,1,5754
73,1,5755
73,1,5519
73,1,635
73,1,6151
73,1,6160
73,1,5312
73,1,1309
73,1,177
73,1,71
73,1,5870
73,1,6977
73,1,5965
73,1,983
73,1,864
73,1,1524
73,1,7287
73,1,7306
73,1,294
73,1,618
73,1,322
73,1,3195
73,1,1549
5192,1,251
5192,1,6719
4472,1,2329
4472,1,5198
4472,1,4692
4472,1,6126
4472,1,724
4472,1,236
4472,1,6693
4472,1,6898
4472,1,98
2329,1,5239
2329,1,371
2329,1,6478
2329,1,6479
2329,1,6480
2329,1,279
5159,1,5213
5159,1,1180
5159,1,5747
5159,1,5972
5159,1,5973
5159,1,6171
5159,1,5159
5159,1,1381
5159,1,7263
5213,1,5357
5213,1,1180
5230,1,5231
161,1,161
161,1,1213
161,1,6041
161,1,6042
161,1,1775
161,1,5345
161,1,651
161,1,172
161,1,7214
161,1,3709
161,1,423
161,1,2759
17,1,5312
17,1,966
17,1,296
17,1,687
17,1,6762
17,1,6763
17,1,6764
17,1,641
17,1,6765
17,1,6766
17,1,341
17,1,946
4581,1,5235
217,1,1873
217,1,421
217,1,6432
217,1,7409
217,1,60
1180,1,5238
1180,1,62
1180,1,1180
1180,1,5644
1180,1,5645
1180,1,5312
1180,1,2999
1180,1,606
1180,1,5972
1180,1,5973
1180,1,6171
1180,1,6360
1180,1,6494
1180,1,6676
1180,1,6759
1180,1,1600
1180,1,1381
1180,1,2188
1180,1,7263
1180,1,71
5238,1,62
62,1,5742
62,1,1072
62,1,5396
62,1,6154
62,1,7398
62,1,7525
1324,1,687
687,1,574
687,1,5454
687,1,134
687,1,5704
687,1,498
687,1,71
687,1,6116
687,1,6117
687,1,6296
687,1,6297
687,1,6298
687,1,6299
687,1,153
687,1,7116
57,1,5243
57,1,5515
57,1,5516
57,1,2023
57,1,6814
57,1,6815
57,1,2759
57,1,527
394,1,5249
5250,1,296
296,1,29
296,1,560
296,1,729
296,1,296
296,1,5626
296,1,2174
296,1,1659
296,1,501
296,1,966
296,1,5822
296,1,5864
296,1,855
296,1,536
296,1,5312
296,1,6367
296,1,144
296,1,6786
864,1,5252
864,1,1438
864,1,6220
864,1,1524
864,1,7287
5258,1,5259
530,1,581
530,1,4483
530,1,134
530,1,678
530,1,2023
530,1,724
530,1,5627
530,1,465
530,1,530
530,1,2942
581,1,122
581,1,599
581,1,180
581,1,966
581,1,513
5265,1,5266
5265,1,5267
5266,1,5267
5269,1,5270
5271,1,248
5271,1,5272
5271,1,5273
248,1,5272
248,1,5273
248,1,6524
248,1,896
248,1,6892
5272,1,5273
5275,1,5276
5282,1,3437
3437,1,6060
3437,1,6098
3437,1,931
3437,1,5314
3437,1,3437
3437,1,1032
3437,1,5990
3437,1,5166
3437,1,567
5285,1,5286
5287,1,5288
698,1,5289
5296,1,5297
5300,1,5301
5304,1,5305
2588,1,6131
2588,1,7161
2588,1,2588
144,1,2161
144,1,412
144,1,6538
144,1,371
144,1,6572
144,1,6573
144,1,1016
144,1,6607
144,1,618
144,1,2214
144,1,2913
144,1,724
144,1,3678
144,1,33
144,1,3950
144,1,894
144,1,1352
144,1,4388
144,1,5438
144,1,6608
144,1,6609
144,1,312
144,1,1795
144,1,591
144,1,465
47,1,47
47,1,2759
47,1,1016
47,1,7
47,1,22
5317,1,5318
7,1,7
7,1,5458
7,1,5459
7,1,5460
7,1,5891
7,1,5892
7,1,5893
7,1,5894
7,1,6069
7,1,131
7,1,371
7,1,777
7,1,6454
7,1,1016
7,1,22
7,1,423
7,1,6699
7,1,5319
7,1,6716
7,1,308
7,1,98
7,1,2927
7,1,7007
7,1,7037
7,1,267
7,1,867
7,1,7333
7,1,3504
7,1,527
7,1,618
312,1,5228
312,1,5709
312,1,2047
312,1,6010
312,1,312
312,1,6088
312,1,6537
312,1,1795
312,1,2437
312,1,7174
312,1,7175
312,1,2435
312,1,252
312,1,1101
312,1,3790
312,1,3655
312,1,7505
312,1,7506
312,1,7507
587,1,959
5228,1,6720
5228,1,6721
5228,1,6722
98,1,1386
98,1,5401
98,1,546
98,1,589
98,1,5402
98,1,371
98,1,5655
98,1,5693
98,1,92
98,1,5994
98,1,4793
98,1,618
98,1,134
98,1,6639
98,1,6640
98,1,6641
98,1,6687
98,1,5198
98,1,6898
98,1,2927
98,1,98
98,1,777
1386,1,5929
1386,1,5930
855,1,71
855,1,5312
855,1,1404
855,1,536
855,1,2221
3395,1,1134
3395,1,5195
1134,1,5563
1134,1,7157
1134,1,1052
504,1,5340
504,1,1052
504,1,504
504,1,5341
504,1,6027
5340,1,1052
5340,1,5341
1052,1,5341
294,1,5653
294,1,27
5347,1,5348
2130,1,2130
2130,1,5360
1177,1,5198
1177,1,5679
5365,1,337
5198,1,5039
5198,1,5899
5198,1,5986
5198,1,4422
5198,1,931
5198,1,2457
5198,1,5525
5198,1,6368
5198,1,5981
5198,1,6898
5198,1,5198
5312,1,5226
5312,1,966
5312,1,252
5312,1,5644
5312,1,5645
5312,1,2999
5312,1,5650
5312,1,5763
5312,1,5602
5312,1,5732
5312,1,5512
5312,1,5384
5312,1,6266
5312,1,5312
5312,1,6367
5312,1,6453
5312,1,6697
5312,1,232
5312,1,6993
5312,1,7432
5312,1,1404
5226,1,6855
5298,1,5298
5298,1,134
134,1,5392
134,1,983
134,1,6639
134,1,134
134,1,6640
134,1,6641
5374,1,5375
599,1,599
599,1,966
599,1,194
599,1,623
599,1,371
599,1,122
599,1,180
966,1,966
966,1,194
966,1,906
966,1,527
966,1,39
966,1,5720
966,1,5822
966,1,661
966,1,5925
966,1,5926
966,1,5938
966,1,180
966,1,6191
966,1,5381
966,1,1671
966,1,3413
966,1,6428
966,1,350
966,1,236
966,1,6767
966,1,6950
966,1,122
966,1,3939
966,1,7098
966,1,2759
126,1,1097
126,1,5422
126,1,423
126,1,5423
126,1,5424
126,1,5431
126,1,243
126,1,3906
126,1,5773
126,1,560
126,1,126
126,1,6303
126,1,6268
126,1,6063
126,1,30
126,1,2927
126,1,6801
126,1,3304
126,1,1774
126,1,6964
126,1,6965
126,1,6966
126,1,6977
126,1,7373
5380,1,5381
5380,1,3992
5381,1,3992
5381,1,6191
5386,1,5387
5386,1,350
5387,1,350
350,1,5497
350,1,5733
350,1,594
821,1,5700
821,1,71
821,1,821
2029,1,4764
2029,1,5394
2029,1,2029
4764,1,5394
5394,1,5400
5394,1,5650
5394,1,7202
5394,1,7401
5400,1,3632
5400,1,5400
5400,1,6294
5400,1,1899
5400,1,6295
5400,1,3243
5400,1,7259
5400,1,5650
5400,1,7202
5400,1,7401
5400,1,6280
5401,1,546
5401,1,589
5401,1,5402
5401,1,371
5401,1,536
546,1,589
546,1,5402
546,1,371
546,1,5657
546,1,6623
546,1,153
546,1,3841
589,1,5402
589,1,371
589,1,7492
589,1,7493
5402,1,371
371,1,371
371,1,6069
371,1,131
371,1,777
371,1,6078
371,1,177
371,1,2373
371,1,4874
371,1,1605
371,1,236
371,1,6572
371,1,6573
371,1,776
371,1,934
371,1,623
371,1,2698
371,1,6588
371,1,331
371,1,2435
371,1,243
371,1,180
371,1,5070
371,1,7248
371,1,39
371,1,7308
371,1,896
371,1,60
724,1,678
724,1,2023
724,1,5627
724,1,764
724,1,2035
724,1,236
724,1,724
724,1,1016
724,1,6607
724,1,618
724,1,2214
724,1,2913
724,1,3678
724,1,2161
724,1,33
724,1,3950
724,1,894
724,1,1352
724,1,4388
724,1,5438
724,1,6608
724,1,6609
5413,1,1056
5414,1,5415
5422,1,423
5422,1,5423
5422,1,5424
423,1,5423
423,1,5424
423,1,6699
423,1,423
423,1,3709
5423,1,5424
153,1,5573
153,1,3136
153,1,6623
153,1,153
153,1,3390
5427,1,60
60,1,5813
60,1,60
60,1,6301
60,1,6355
60,1,7409
60,1,896
60,1,243
5435,1,5436
5435,1,1352
5435,1,5437
5435,1,5438
5435,1,5439
5435,1,5440
5435,1,618
5435,1,5441
5435,1,5442
5435,1,165
5435,1,3136
5435,1,5443
5435,1,5444
5435,1,894
5435,1,3694
5435,1,5445
5435,1,39
5435,1,5446
5435,1,5447
5435,1,5448
5435,1,192
5435,1,3774
5435,1,8
5435,1,3683
5435,1,125
5435,1,5449
5435,1,4185
5435,1,5450
5436,1,1352
5436,1,5437
5436,1,5438
5436,1,5439
5436,1,5440
5436,1,618
5436,1,5441
5436,1,5442
5436,1,165
5436,1,3136
5436,1,5443
5436,1,5444
5436,1,894
5436,1,3694
5436,1,5445
5436,1,39
5436,1,5446
5436,1,5447
5436,1,5448
5436,1,192
5436,1,3774
5436,1,8
5436,1,3683
5436,1,125
5436,1,5449
5436,1,4185
5436,1,5450
1352,1,5437
1352,1,5438
1352,1,5439
1352,1,5440
1352,1,618
1352,1,5441
1352,1,5442
1352,1,165
1352,1,3136
1352,1,5443
1352,1,5444
1352,1,894
1352,1,3694
1352,1,5445
1352,1,39
1352,1,5446
1352,1,5447
1352,1,5448
1352,1,192
1352,1,3774
1352,1,8
1352,1,3683
1352,1,125
1352,1,5449
1352,1,4185
1352,1,5450
1352,1,1016
1352,1,6607
1352,1,2214
1352,1,2913
1352,1,3678
1352,1,2161
1352,1,33
1352,1,3950
1352,1,4388
1352,1,6608
1352,1,6609
5437,1,5438
5437,1,5439
5437,1,5440
5437,1,618
5437,1,5441
5437,1,5442
5437,1,165
5437,1,3136
5437,1,5443
5437,1,5444
5437,1,894
5437,1,3694
5437,1,5445
5437,1,39
5437,1,5446
5437,1,5447
5437,1,5448
5437,1,192
5437,1,3774
5437,1,8
5437,1,3683
5437,1,125
5437,1,5449
5437,1,4185
5437,1,5450
5438,1,5439
5438,1,5440
5438,1,618
5438,1,5441
5438,1,5442
5438,1,165
5438,1,3136
5438,1,5443
5438,1,5444
5438,1,894
5438,1,3694
5438,1,5445
5438,1,39
5438,1,5446
5438,1,5447
5438,1,5448
5438,1,192
5438,1,3774
5438,1,8
5438,1,3683
5438,1,125
5438,1,5449
5438,1,4185
5438,1,5450
5438,1,1016
5438,1,6607
5438,1,2214
5438,1,2913
5438,1,3678
5438,1,2161
5438,1,33
5438,1,3950
5438,1,4388
5438,1,6608
5438,1,6609
5438,1,4391
5439,1,5440
5439,1,618
5439,1,5441
5439,1,5442
5439,1,165
5439,1,3136
5439,1,5443
5439,1,5444
5439,1,894
5439,1,3694
5439,1,5445
5439,1,39
5439,1,5446
5439,1,5447
5439,1,5448
5439,1,192
5439,1,3774
5439,1,8
5439,1,3683
5439,1,125
5439,1,5449
5439,1,4185
5439,1,5450
5440,1,618
5440,1,5441
5440,1,5442
5440,1,165
5440,1,3136
5440,1,5443
5440,1,5444
5440,1,894
5440,1,3694
5440,1,5445
5440,1,39
5440,1,5446
5440,1,5447
5440,1,5448
5440,1,192
5440,1,3774
5440,1,8
5440,1,3683
5440,1,125
5440,1,5449
5440,1,4185
5440,1,5450
618,1,5441
618,1,5442
618,1,165
618,1,3136
618,1,5443
618,1,5444
618,1,894
618,1,3694
618,1,5445
618,1,39
618,1,5446
618,1,5447
618,1,5448
618,1,192
618,1,3774
618,1,8
618,1,3683
618,1,125
618,1,5449
618,1,4185
618,1,5450
618,1,1016
618,1,6607
618,1,2214
618,1,2913
618,1,3678
618,1,2161
618,1,33
618,1,3950
618,1,4388
618,1,6608
618,1,6609
618,1,618
618,1,7277
618,1,7365
618,1,7366
618,1,7367
618,1,3624
5441,1,5442
5441,1,165
5441,1,3136
5441,1,5443
5441,1,5444
5441,1,894
5441,1,3694
5441,1,5445
5441,1,39
5441,1,5446
5441,1,5447
5441,1,5448
5441,1,192
5441,1,3774
5441,1,8
5441,1,3683
5441,1,125
5441,1,5449
5441,1,4185
5441,1,5450
5442,1,165
5442,1,3136
5442,1,5443
5442,1,5444
5442,1,894
5442,1,3694
5442,1,5445
5442,1,39
5442,1,5446
5442,1,5447
5442,1,5448
5442,1,192
5442,1,3774
5442,1,8
5442,1,3683
5442,1,125
5442,1,5449
5442,1,4185
5442,1,5450
165,1,3136
165,1,5443
165,1,5444
165,1,894
165,1,3694
165,1,5445
165,1,39
165,1,5446
165,1,5447
165,1,5448
165,1,192
165,1,3774
165,1,8
165,1,3683
165,1,125
165,1,5449
165,1,4185
165,1,5450
3136,1,5443
3136,1,5444
3136,1,894
3136,1,3694
3136,1,5445
3136,1,39
3136,1,5446
3136,1,5447
3136,1,5448
3136,1,192
3136,1,3774
3136,1,8
3136,1,3683
3136,1,125
3136,1,5449
3136,1,4185
3136,1,5450
5443,1,5444
5443,1,894
5443,1,3694
5443,1,5445
5443,1,39
5443,1,5446
5443,1,5447
5443,1,5448
5443,1,192
5443,1,3774
5443,1,8
5443,1,3683
5443,1,125
5443,1,5449
5443,1,4185
5443,1,5450
5443,1,7377
5444,1,894
5444,1,3694
5444,1,5445
5444,1,39
5444,1,5446
5444,1,5447
5444,1,5448
5444,1,192
5444,1,3774
5444,1,8
5444,1,3683
5444,1,125
5444,1,5449
5444,1,4185
5444,1,5450
894,1,3694
894,1,5445
894,1,39
894,1,5446
894,1,5447
894,1,5448
894,1,192
894,1,3774
894,1,8
894,1,3683
894,1,125
894,1,5449
894,1,4185
894,1,5450
894,1,1016
894,1,6607
894,1,2214
894,1,2913
894,1,3678
894,1,2161
894,1,33
894,1,3950
894,1,4388
894,1,6608
894,1,6609
3694,1,5445
3694,1,39
3694,1,5446
3694,1,5447
3694,1,5448
3694,1,192
3694,1,3774
3694,1,8
3694,1,3683
3694,1,125
3694,1,5449
3694,1,4185
3694,1,5450
5445,1,39
5445,1,5446
5445,1,5447
5445,1,5448
5445,1,192
5445,1,3774
5445,1,8
5445,1,3683
5445,1,125
5445,1,5449
5445,1,4185
5445,1,5450
39,1,5446
39,1,5447
39,1,5448
39,1,192
39,1,3774
39,1,8
39,1,3683
39,1,125
39,1,5449
39,1,4185
39,1,5450
39,1,527
39,1,2930
39,1,1096
39,1,7248
39,1,180
39,1,39
5446,1,5447
5446,1,5448
5446,1,192
5446,1,3774
5446,1,8
5446,1,3683
5446,1,125
5446,1,5449
5446,1,4185
5446,1,5450
5447,1,5448
5447,1,192
5447,1,3774
5447,1,8
5447,1,3683
5447,1,125
5447,1,5449
5447,1,4185
5447,1,5450
5448,1,192
5448,1,3774
5448,1,8
5448,1,3683
5448,1,125
5448,1,5449
5448,1,4185
5448,1,5450
192,1,3774
192,1,8
192,1,3683
192,1,125
192,1,5449
192,1,4185
192,1,5450
3774,1,8
3774,1,3683
3774,1,125
3774,1,5449
3774,1,4185
3774,1,5450
8,1,3683
8,1,125
8,1,5449
8,1,4185
8,1,5450
3683,1,125
3683,1,5449
3683,1,4185
3683,1,5450
125,1,5449
125,1,4185
125,1,5450
5449,1,4185
5449,1,5450
4185,1,5450
4185,1,5826
4185,1,4185
574,1,5454
574,1,2976
574,1,567
177,1,177
177,1,5688
177,1,5809
177,1,5810
177,1,5811
177,1,6078
177,1,2373
177,1,4874
177,1,236
177,1,2435
5458,1,5459
5458,1,5460
5459,1,5460
2214,1,1016
2214,1,6607
2214,1,2913
2214,1,3678
2214,1,2161
2214,1,33
2214,1,3950
2214,1,4388
2214,1,6608
2214,1,6609
2171,1,2106
2171,1,5465
2106,1,5465
71,1,87
71,1,71
71,1,2584
71,1,1749
71,1,6116
71,1,6117
71,1,1548
71,1,6477
71,1,96
71,1,1466
71,1,36
71,1,169
71,1,257
71,1,3353
983,1,6075
983,1,6076
983,1,5965
1634,1,293
1634,1,5514
1634,1,4614
1634,1,3162
76,1,341
341,1,6762
341,1,6763
341,1,6764
341,1,641
341,1,6765
341,1,6766
341,1,7443
341,1,777
536,1,7527
5351,1,1155
5351,1,216
5351,1,6346
1155,1,216
216,1,6724
2570,1,1926
560,1,6306
5148,1,3195
5148,1,6841
5148,1,6842
3195,1,322
5362,1,5502
5502,1,6362
5506,1,5507
5506,1,5506
5507,1,5828
5508,1,6006
5509,1,5510
5509,1,5511
5509,1,5512
5510,1,5511
5510,1,5512
5511,1,5512
5512,1,5602
5512,1,5732
293,1,5514
293,1,2857
293,1,4190
293,1,293
293,1,95
5515,1,5516
5517,1,5518
5523,1,5524
1187,1,2982
5533,1,5534
30,1,1600
30,1,6221
30,1,6063
30,1,6905
1600,1,7117
1600,1,7118
1600,1,5677
1600,1,7119
5540,1,1325
5540,1,5541
1325,1,5541
1325,1,1325
1325,1,6334
1325,1,6963
2460,1,5544
527,1,5903
527,1,5904
527,1,5905
527,1,6045
527,1,996
527,1,6980
527,1,7121
527,1,7122
527,1,5602
527,1,7123
527,1,7124
527,1,7459
527,1,7460
527,1,2759
527,1,7526
5553,1,5554
5553,1,5555
5554,1,5555
729,1,777
729,1,5944
729,1,5945
729,1,5946
5556,1,5557
252,1,2435
1129,1,5567
1129,1,5568
1129,1,5569
5567,1,5568
5567,1,5569
5567,1,6540
5567,1,610
5568,1,5569
4445,1,5572
4445,1,364
4445,1,4445
5572,1,364
931,1,5581
931,1,5986
931,1,4422
931,1,2457
931,1,5525
931,1,6018
931,1,3725
931,1,5314
931,1,6844
931,1,6854
5585,1,5586
5592,1,5593
5594,1,5595
2002,1,353
2002,1,465
2002,1,298
2002,1,6909
2002,1,2002
353,1,1602
2759,1,1762
2759,1,5977
2759,1,6055
2759,1,6104
2759,1,3003
2759,1,6130
2759,1,58
2759,1,1296
2759,1,6029
2759,1,691
2759,1,2800
2759,1,2759
2759,1,1628
5601,1,5602
5602,1,5732
5602,1,7121
5602,1,7122
5602,1,155
5604,1,610
610,1,6540
446,1,169
446,1,4993
446,1,7201
169,1,4993
169,1,96
169,1,1466
169,1,36
4993,1,6247
5609,1,5610
2857,1,4190
2857,1,6828
5622,1,5622
2758,1,5623
2758,1,5624
2758,1,5625
2758,1,6510
5623,1,5624
5623,1,5625
5624,1,5625
5626,1,2174
5626,1,1659
5626,1,501
2174,1,1659
2174,1,501
2174,1,5724
2174,1,5725
2174,1,5726
2174,1,5820
1659,1,501
501,1,501
251,1,6719
5636,1,4284
4284,1,4284
4284,1,5691
4284,1,4504
1434,1,5639
1434,1,5861
1434,1,267
1434,1,5862
1434,1,5863
5643,1,3699
5644,1,5645
5644,1,2999
5645,1,2999
764,1,2035
534,1,6418
534,1,6419
5650,1,7202
5650,1,7401
5662,1,44
5662,1,5662
44,1,180
5679,1,5875
5679,1,5876
4692,1,7083
5655,1,5693
1948,1,777
777,1,5944
777,1,5945
777,1,5946
777,1,6069
777,1,131
777,1,539
777,1,2927
777,1,7443
5704,1,498
4771,1,5706
4771,1,5707
4771,1,5708
5706,1,5707
5706,1,5708
5707,1,5708
1484,1,5713
5720,1,5720
5724,1,5725
5724,1,5726
5725,1,5726
5725,1,662
243,1,3906
243,1,180
243,1,896
58,1,6015
755,1,755
755,1,7006
755,1,5200
5742,1,1072
1072,1,1072
5748,1,5749
5754,1,5755
2755,1,1537
5757,1,3763
5757,1,5758
3763,1,5758
5759,1,5760
5769,1,5770
1628,1,1628
1628,1,213
1628,1,701
1628,1,7513
1628,1,170
5773,1,7530
5773,1,7531
2088,1,5778
2088,1,5779
5778,1,5779
5785,1,515
5785,1,5786
515,1,5786
5787,1,5788
5787,1,5789
5788,1,5789
480,1,780
5802,1,5803
5802,1,5804
5802,1,5805
5803,1,5804
5803,1,5805
5804,1,5805
623,1,934
623,1,2698
5809,1,5810
5809,1,5811
5810,1,5811
5815,1,5816
5818,1,5819
276,1,2367
5830,1,5831
5830,1,5832
5830,1,5833
5831,1,5832
5831,1,5833
5832,1,5833
5833,1,6928
5833,1,3939
5833,1,7334
1284,1,5840
5841,1,5842
5841,1,5843
5842,1,5843
5856,1,5857
5856,1,788
5856,1,5053
5857,1,788
5857,1,5053
788,1,5053
4615,1,5860
5861,1,267
5861,1,5862
5861,1,5863
267,1,5862
267,1,5863
267,1,2779
267,1,6635
267,1,6636
267,1,6704
267,1,5002
267,1,6822
267,1,867
267,1,7333
267,1,267
267,1,3504
5862,1,5863
426,1,5865
426,1,5866
426,1,2474
5865,1,5866
5865,1,2474
5866,1,2474
2474,1,7272
5869,1,2262
5869,1,5869
5869,1,6624
5875,1,5876
5879,1,5880
5879,1,5881
5880,1,5881
5885,1,5886
1762,1,663
5891,1,5892
5891,1,5893
5891,1,5894
5892,1,5893
5892,1,5894
5893,1,5894
5903,1,5904
5903,1,5905
5904,1,5905
5732,1,5732
5909,1,5910
5912,1,5913
5918,1,5919
661,1,5925
661,1,5926
5925,1,5926
5929,1,5930
2023,1,678
2023,1,5627
5938,1,180
180,1,122
180,1,180
180,1,7136
180,1,513
5939,1,5939
5939,1,3675
5944,1,5945
5944,1,5946
5945,1,5946
5950,1,5951
5396,1,5396
5972,1,5973
5974,1,5975
5974,1,5976
5975,1,5976
5986,1,4422
5986,1,2457
5986,1,5525
4422,1,2457
4422,1,5525
4422,1,6100
4422,1,6101
4422,1,4422
4422,1,6172
4422,1,7433
2457,1,5525
5988,1,5989
1404,1,7432
92,1,5994
92,1,4793
5994,1,4793
5996,1,5997
1671,1,6000
1671,1,3413
1671,1,6428
6004,1,6005
2047,1,6010
6011,1,5545
6011,1,2266
5545,1,2266
635,1,635
6028,1,6029
6028,1,6028
6029,1,6029
6029,1,691
6029,1,2800
3710,1,3551
3710,1,7203
3710,1,7204
6041,1,6042
6044,1,4618
4618,1,4618
1044,1,6054
6061,1,6062
6066,1,6067
6069,1,131
131,1,131
6073,1,3583
6075,1,6076
6077,1,926
6078,1,2373
6078,1,4874
2373,1,4874
2373,1,1016
2373,1,7444
2373,1,1256
5425,1,6092
5425,1,5425
5425,1,649
6092,1,649
1408,1,2847
1408,1,6256
2847,1,6256
6100,1,6101
1775,1,5345
6110,1,6111
678,1,5627
6114,1,1444
6116,1,6117
6121,1,6333
6121,1,6334
6121,1,6121
6127,1,6128
4952,1,4952
3003,1,6130
2437,1,7174
2437,1,7175
2437,1,1016
6142,1,6143
6142,1,6144
6143,1,6144
6154,1,6154
1332,1,6270
6098,1,5850
6169,1,1237
1237,1,326
6173,1,6174
3193,1,6181
3193,1,1759
6181,1,1759
621,1,621
6183,1,6183
6192,1,6192
6192,1,6193
6193,1,4055
310,1,7486
412,1,2161
412,1,6538
5180,1,6223
5180,1,5314
5180,1,5850
5180,1,5166
360,1,467
360,1,701
467,1,701
701,1,6788
4614,1,3162
6231,1,5166
5166,1,5166
5166,1,6314
5166,1,5850
5166,1,567
1873,1,421
236,1,6775
236,1,6938
236,1,236
236,1,6968
236,1,6969
236,1,6970
5691,1,5691
6259,1,6260
1627,1,6269
4867,1,6882
4867,1,304
4867,1,7140
4867,1,7141
6272,1,304
304,1,6882
5070,1,6279
167,1,167
167,1,6632
167,1,7298
6294,1,1899
6294,1,6295
6294,1,3243
1899,1,1899
1899,1,6295
1899,1,3243
6295,1,3243
6296,1,6297
6296,1,6298
6296,1,6299
6297,1,6298
6297,1,6299
6298,1,6299
6303,1,6268
4476,1,6310
6321,1,6322
6333,1,6334
6334,1,6963
6335,1,6336
760,1,6353
40,1,6371
40,1,6491
40,1,6492
709,1,2380
6388,1,6389
6393,1,6394
6393,1,6395
6393,1,6396
6394,1,6395
6394,1,6396
6395,1,6396
6405,1,4584
6408,1,6409
6410,1,6411
6416,1,6417
6418,1,6419
3510,1,2932
1242,1,6425
3413,1,6428
6431,1,321
321,1,5528
6439,1,10
1016,1,1016
1016,1,22
1016,1,6607
1016,1,2913
1016,1,3678
1016,1,2161
1016,1,33
1016,1,3950
1016,1,4388
1016,1,6608
1016,1,6609
1016,1,5320
6442,1,6443
1004,1,6456
6466,1,6467
1548,1,6477
6478,1,6479
6478,1,6480
6479,1,6480
5411,1,6481
22,1,4391
22,1,7258
22,1,111
5314,1,1032
5314,1,5850
6491,1,6492
6495,1,6496
6495,1,6497
6496,1,6497
6498,1,6499
6498,1,6500
6498,1,6501
6498,1,6502
6498,1,6503
6499,1,6500
6499,1,6501
6499,1,6502
6499,1,6503
6500,1,6501
6500,1,6502
6500,1,6503
6501,1,6502
6501,1,6503
6502,1,6503
6511,1,6512
6511,1,5204
6512,1,5204
479,1,6513
479,1,2429
479,1,479
479,1,6920
479,1,7296
2892,1,2892
6523,1,6523
6528,1,6529
2443,1,6535
2161,1,6538
2161,1,6607
2161,1,2913
2161,1,3678
2161,1,33
2161,1,3950
2161,1,4388
2161,1,6608
2161,1,6609
6541,1,6542
872,1,5322
6549,1,379
6553,1,6554
6562,1,2555
96,1,1466
96,1,36
1466,1,36
6570,1,6571
6572,1,6573
5200,1,6735
5200,1,6860
5200,1,7006
6581,1,6582
6583,1,6584
934,1,2698
6591,1,6592
6596,1,6597
6596,1,6598
6596,1,5703
6597,1,6598
6597,1,5703
6598,1,5703
6598,1,7479
6607,1,6607
6607,1,2913
6607,1,3678
6607,1,33
6607,1,3950
6607,1,4388
6607,1,6608
6607,1,6609
2913,1,3678
2913,1,33
2913,1,3950
2913,1,4388
2913,1,6608
2913,1,6609
3678,1,33
3678,1,3950
3678,1,4388
3678,1,6608
3678,1,6609
33,1,3950
33,1,4388
33,1,6608
33,1,6609
3950,1,4388
3950,1,6608
3950,1,6609
4388,1,6608
4388,1,6609
6608,1,6609
666,1,666
666,1,6910
666,1,4101
6626,1,301
2779,1,6635
2779,1,6636
6635,1,6636
3185,1,3186
6639,1,6640
6639,1,6641
6640,1,6641
6642,1,1584
6647,1,6648
1795,1,6946
6324,1,6656
1590,1,6663
6665,1,6666
6688,1,6689
6691,1,6692
5334,1,5335
5335,1,6796
5335,1,6797
746,1,622
6706,1,6707
1032,1,5990
5319,1,5319
5319,1,6716
5319,1,308
6716,1,308
308,1,7545
308,1,308
6720,1,6721
6720,1,6722
6721,1,6722
591,1,7166
6730,1,2800
2800,1,691
3012,1,712
3012,1,2851
712,1,2851
1900,1,6737
1900,1,1643
6737,1,1643
6738,1,148
465,1,7285
465,1,1293
465,1,7286
465,1,465
465,1,2942
6742,1,6743
6748,1,6749
5571,1,6754
5571,1,2574
5571,1,6990
6754,1,2574
6756,1,6757
6762,1,6763
6762,1,6764
6762,1,641
6762,1,6765
6762,1,6766
6763,1,6764
6763,1,641
6763,1,6765
6763,1,6766
6764,1,641
6764,1,6765
6764,1,6766
641,1,6765
641,1,6766
6765,1,6766
598,1,2591
322,1,5528
322,1,6772
5528,1,6772
3609,1,5183
6796,1,6797
2927,1,6801
2927,1,2927
6814,1,6815
2845,1,6819
6704,1,5002
6704,1,6822
5002,1,6822
6841,1,6842
6847,1,6848
6847,1,6849
6848,1,6849
6850,1,6851
6850,1,6852
6851,1,6852
2833,1,6863
6894,1,6895
6894,1,6896
6894,1,6897
6895,1,6896
6895,1,6897
6896,1,6897
6900,1,6901
298,1,6909
4439,1,6911
189,1,6915
2221,1,2221
6918,1,6919
2429,1,6920
6928,1,3939
6928,1,7334
3939,1,7098
1224,1,1224
6936,1,6937
6936,1,1169
6937,1,1169
6944,1,6945
2119,1,6948
6954,1,6955
1774,1,6964
1774,1,6965
6964,1,6965
6968,1,6969
6968,1,6970
6969,1,6970
6981,1,6982
328,1,6402
328,1,2292
328,1,328
6402,1,2292
6987,1,6988
7012,1,7013
580,1,7014
7020,1,7021
7020,1,7022
7021,1,7022
7038,1,7039
7040,1,3321
7044,1,6140
7062,1,7063
7066,1,7067
6788,1,6788
594,1,7105
7110,1,7111
7117,1,7118
7117,1,5677
7117,1,7119
7118,1,5677
7118,1,7119
5677,1,7119
7121,1,7122
7123,1,7124
7140,1,7141
7140,1,7140
4898,1,3885
1488,1,7158
3390,1,7329
3390,1,7330
7168,1,7169
7174,1,7175
7176,1,6818
7185,1,7186
7188,1,4050
7198,1,7199
7198,1,7200
7199,1,7200
3551,1,7203
3551,1,7204
7203,1,7204
5326,1,696
170,1,7234
170,1,7173
170,1,7513
7234,1,7173
7173,1,7173
7243,1,7244
1477,1,1477
4675,1,3502
4675,1,7249
4675,1,3264
3502,1,7249
3502,1,3264
7249,1,3264
7257,1,4069
7258,1,111
5837,1,7267
7269,1,7270
7269,1,7271
7270,1,7271
7285,1,1293
7285,1,7286
1293,1,7286
1524,1,1524
1524,1,7287
2976,1,567
7291,1,7292
7302,1,7303
7320,1,7321
7320,1,7322
7321,1,7322
155,1,4045
155,1,6415
4045,1,6415
6090,1,6090
7329,1,7330
867,1,7333
867,1,867
867,1,3504
7333,1,3504
166,1,7417
7352,1,7353
3527,1,7363
7365,1,7366
7365,1,7367
7366,1,7367
7065,1,5079
3035,1,7374
7378,1,7379
7378,1,7380
7379,1,7380
7384,1,7385
7384,1,7386
7385,1,7386
7389,1,7390
7392,1,1026
7202,1,7401
7419,1,7419
7426,1,7427
7439,1,7440
2060,1,7445
7459,1,7460
5236,1,5171
3033,1,356
3158,1,3158
7492,1,7493
1531,1,4320
3790,1,3655
3790,1,7505
3790,1,7506
3790,1,7507
3655,1,7505
3655,1,7506
3655,1,7507
7505,1,7506
7505,1,7507
7506,1,7507
7516,1,7517
7523,1,3322
7530,1,7531
7533,1,7534
7016,1,7016
1568,1,7540
5158,2,5159
5158,2,1180
5159,2,1180
1180,2,9
687,2,687
21,2,9
21,2,135
21,2,21
21,2,13
21,2,5542
21,2,1308
21,2,906
9,2,9
9,2,5198
9,2,5199
9,2,5200
9,2,13
9,2,5331
9,2,48
9,2,39
9,2,3958
9,2,724
9,2,258
9,2,6604
9,2,169
9,2,712
5198,2,5199
5198,2,5200
5198,2,13
5199,2,5200
5199,2,13
5200,2,13
13,2,13
13,2,2443
13,2,712
13,2,729
5327,2,261
261,2,5495
261,2,5496
261,2,261
48,2,98
5419,2,1227
5495,2,5496
5550,2,5082
5605,2,1149
5400,2,5607
5400,2,341
5607,2,341
144,2,232
144,2,5686
232,2,5686
3185,2,3186
2888,2,323
323,2,1661
323,2,6825
323,2,6958
1181,2,5312
1181,2,5226
5312,2,5226
5312,2,167
6085,2,6086
293,2,6253
293,2,6254
6253,2,6254
6390,2,3400
5870,2,6514
5870,2,6515
6514,2,6515
258,2,6604
2759,2,2124
6795,2,774
2035,2,6824
1661,2,6825
1661,2,6958
6825,2,6958
7128,2,7129
7165,2,2366
95,2,527
9,3,1634
9,3,5217
9,3,13
9,3,23
9,3,5218
9,3,8
9,3,11
9,3,350
9,3,855
9,3,5314
9,3,323
9,3,371
9,3,5452
9,3,5453
9,3,5362
9,3,846
9,3,5486
9,3,5487
9,3,5488
9,3,2657
9,3,5500
9,3,1046
9,3,9
9,3,5535
9,3,5425
9,3,312
9,3,5536
9,3,599
9,3,1180
9,3,2759
9,3,7
9,3,5750
9,3,1484
9,3,73
9,3,21
9,3,5890
9,3,5922
9,3,4543
9,3,126
9,3,2526
9,3,5961
9,3,5602
9,3,5312
9,3,10
9,3,5993
9,3,5198
9,3,5165
9,3,6023
9,3,1109
9,3,6080
9,3,243
9,3,475
9,3,216
9,3,310
9,3,2745
9,3,918
9,3,6186
9,3,161
9,3,6187
9,3,48
9,3,103
9,3,5734
9,3,756
9,3,591
9,3,791
9,3,6239
9,3,6240
9,3,6241
9,3,6242
9,3,14
9,3,546
9,3,1332
9,3,6270
9,3,4422
9,3,3599
9,3,258
9,3,71
9,3,251
9,3,169
9,3,4472
9,3,153
9,3,6364
9,3,6365
9,3,6366
9,3,39
9,3,294
9,3,6429
9,3,3939
9,3,6430
9,3,534
9,3,212
9,3,6590
9,3,4184
9,3,364
9,3,966
9,3,6630
9,3,687
9,3,3039
9,3,6664
9,3,755
9,3,6672
9,3,1800
9,3,83
9,3,6684
9,3,6789
9,3,6790
9,3,6791
9,3,1670
9,3,6793
9,3,6825
9,3,353
9,3,3675
9,3,832
9,3,4284
9,3,1321
9,3,6974
9,3,7025
9,3,7026
9,3,44
9,3,3683
9,3,7060
9,3,7080
9,3,42
9,3,372
9,3,2513
9,3,6878
9,3,7113
9,3,2732
9,3,279
9,3,536
9,3,2988
9,3,7137
9,3,177
9,3,7160
9,3,5192
9,3,2760
9,3,5691
9,3,318
9,3,64
9,3,1546
9,3,1227
9,3,610
9,3,867
9,3,746
9,3,5400
9,3,261
9,3,4443
9,3,232
9,3,7341
9,3,2174
9,3,958
9,3,7394
9,3,7395
9,3,98
9,3,6041
9,3,501
9,3,7449
9,3,1181
9,3,3527
9,3,5200
1634,3,513
1634,3,71
1634,3,216
5167,3,5168
5167,3,5169
5168,3,5169
5173,3,5174
1130,3,5175
1130,3,1130
1130,3,5176
5175,3,5175
5175,3,5176
5185,3,5186
855,3,258
855,3,5314
855,3,1181
855,3,3335
855,3,5628
855,3,5526
855,3,6339
855,3,323
855,3,98
855,3,2732
855,3,279
855,3,536
258,3,1180
258,3,966
258,3,5362
258,3,2389
258,3,13
258,3,323
258,3,258
258,3,926
258,3,5934
258,3,1884
258,3,6065
258,3,475
258,3,4907
258,3,6164
258,3,6165
258,3,108
258,3,6166
258,3,21
258,3,296
258,3,5159
258,3,6238
258,3,527
258,3,4422
258,3,3599
258,3,71
258,3,251
258,3,2759
258,3,39
258,3,1600
258,3,6407
258,3,5369
258,3,261
258,3,5542
258,3,6637
258,3,6684
258,3,5486
258,3,6704
258,3,5002
258,3,5198
258,3,5165
258,3,6817
258,3,6818
258,3,6926
258,3,1573
258,3,567
258,3,6475
5187,3,3884
5187,3,5188
5187,3,651
3884,3,5188
5190,3,5191
5208,3,5209
5208,3,527
5209,3,527
527,3,2591
527,3,6226
527,3,6010
527,3,5159
527,3,6238
527,3,6261
527,3,5419
527,3,328
527,3,6555
527,3,21
527,3,216
5211,3,756
5211,3,931
756,3,931
756,3,7
756,3,5652
756,3,103
756,3,5734
756,3,591
931,3,5166
931,3,5180
931,3,5314
931,3,131
931,3,931
5217,3,13
5217,3,23
5217,3,5218
13,3,23
13,3,5218
13,3,5251
13,3,216
13,3,5434
13,3,13
13,3,261
13,3,5535
13,3,5425
13,3,3792
13,3,11
13,3,724
13,3,2913
13,3,32
13,3,751
13,3,1134
13,3,323
13,3,1181
13,3,5345
13,3,3437
13,3,5882
13,3,4543
13,3,966
13,3,7
13,3,1180
13,3,872
13,3,5322
13,3,356
13,3,918
13,3,6186
13,3,161
13,3,6187
13,3,5165
13,3,251
13,3,6250
13,3,1332
13,3,6270
13,3,21
13,3,5947
13,3,169
13,3,6316
13,3,296
13,3,6444
13,3,1987
13,3,6469
13,3,350
13,3,177
13,3,536
13,3,6548
13,3,5148
13,3,6752
13,3,6753
13,3,126
13,3,621
13,3,228
13,3,3322
13,3,213
13,3,3039
13,3,7025
13,3,5602
13,3,7026
13,3,44
13,3,5159
13,3,7131
13,3,153
13,3,7150
13,3,73
13,3,48
13,3,4284
13,3,5691
13,3,983
13,3,30
13,3,7375
13,3,904
13,3,7449
23,3,5218
23,3,32
23,3,5233
23,3,23
23,3,966
23,3,267
23,3,22
23,3,39
23,3,144
23,3,5739
23,3,724
23,3,2544
23,3,73
23,3,5978
23,3,581
23,3,5979
23,3,257
23,3,666
23,3,465
23,3,6561
23,3,589
23,3,6621
23,3,6622
23,3,6922
23,3,1505
23,3,6923
23,3,2161
23,3,6924
23,3,1256
23,3,6925
23,3,310
23,3,3322
23,3,177
23,3,5319
23,3,867
23,3,7151
23,3,1016
23,3,5320
23,3,7191
23,3,7192
23,3,7216
959,3,1032
959,3,10
959,3,5277
959,3,5278
1032,3,10
1032,3,764
1032,3,2373
1032,3,5472
1032,3,5473
1032,3,5474
1032,3,5475
1032,3,5476
1032,3,3395
10,3,5602
10,3,5312
1180,3,7
1180,3,1180
1180,3,5189
1180,3,5159
1180,3,4581
1180,3,4422
1180,3,3599
1180,3,71
1180,3,251
1180,3,4420
1180,3,1181
1180,3,6710
1180,3,6926
1180,3,323
1180,3,641
1180,3,5079
1180,3,4271
1180,3,161
1180,3,504
8,3,11
11,3,724
11,3,5780
11,3,1546
11,3,1340
11,3,11
11,3,966
11,3,48
11,3,6401
11,3,294
11,3,6429
11,3,3939
11,3,6430
11,3,5314
11,3,1332
11,3,153
11,3,6615
11,3,17
11,3,350
11,3,7080
11,3,5238
11,3,1671
11,3,1181
11,3,7495
32,3,5233
32,3,32
32,3,5343
32,3,5606
32,3,2913
32,3,1387
32,3,6032
32,3,6587
32,3,637
32,3,2373
32,3,1325
32,3,7050
32,3,39
32,3,7216
32,3,73
5233,3,166
5233,3,5245
261,3,261
261,3,38
261,3,5312
261,3,7
261,3,6089
261,3,5793
261,3,4443
261,3,232
261,3,7341
261,3,2174
261,3,7509
4747,3,397
966,3,48
966,3,6401
966,3,21
966,3,1149
966,3,350
966,3,2759
966,3,7375
4284,3,599
4284,3,48
4284,3,4284
4284,3,5691
166,3,5245
166,3,2759
166,3,7
166,3,2273
166,3,5226
166,3,2002
144,3,4185
144,3,39
144,3,7294
5277,3,5278
5302,3,71
5302,3,2293
5302,3,5303
5302,3,73
71,3,2293
71,3,5303
71,3,73
71,3,513
71,3,216
71,3,71
71,3,4422
71,3,3599
71,3,251
71,3,3437
71,3,504
71,3,1661
2293,3,5303
2293,3,73
5303,3,73
73,3,504
73,3,3335
73,3,5526
73,3,4628
73,3,5527
73,3,5646
73,3,5710
73,3,4476
73,3,3101
73,3,2595
73,3,2464
73,3,5902
73,3,5978
73,3,73
73,3,581
73,3,5979
73,3,6257
73,3,1377
73,3,21
73,3,216
73,3,6729
73,3,293
73,3,7150
73,3,7212
73,3,7218
73,3,7219
350,3,2206
350,3,6469
350,3,48
38,3,38
38,3,108
38,3,1378
38,3,857
38,3,7280
38,3,7281
38,3,7282
38,3,7283
38,3,7284
864,3,5310
864,3,5369
864,3,5370
864,3,1646
5314,3,5166
5314,3,5180
5314,3,131
5314,3,5314
5323,3,663
323,3,180
323,3,5558
323,3,4543
323,3,323
323,3,251
323,3,6250
323,3,6339
323,3,451
323,3,21
180,3,60
180,3,5677
180,3,371
180,3,1096
1181,3,5336
1181,3,3335
1181,3,5200
1181,3,1600
1181,3,4420
1181,3,6560
1181,3,5384
1181,3,5204
1181,3,1181
1181,3,904
1181,3,5192
1181,3,7202
1181,3,2389
1181,3,7495
1181,3,3527
5362,3,2389
5362,3,5362
2389,3,5384
2389,3,5821
2389,3,451
2389,3,5189
5369,3,5370
5369,3,1600
5369,3,6407
5384,3,5204
4461,3,5391
777,3,5397
777,3,724
777,3,5546
777,3,6377
5397,3,5397
371,3,371
371,3,5677
371,3,1325
371,3,6111
371,3,1623
5428,3,5428
5432,3,296
296,3,21
296,3,6316
296,3,983
216,3,5434
216,3,513
216,3,475
216,3,945
216,3,216
216,3,6880
216,3,2285
216,3,5939
216,3,21
5452,3,5453
764,3,2373
764,3,5472
764,3,5473
764,3,5474
764,3,5475
764,3,5476
764,3,3395
2373,3,5472
2373,3,5473
2373,3,5474
2373,3,5475
2373,3,2373
2373,3,5476
2373,3,3395
2373,3,39
2373,3,310
2373,3,7050
5472,3,5473
5472,3,5474
5472,3,5475
5472,3,5476
5472,3,3395
5473,3,5474
5473,3,5475
5473,3,5473
5473,3,5476
5473,3,3395
5474,3,5475
5474,3,5476
5474,3,3395
5475,3,5476
5475,3,3395
5476,3,3395
279,3,5478
279,3,2732
279,3,536
294,3,3437
294,3,332
294,3,423
294,3,6383
294,3,6384
294,3,6429
294,3,3939
294,3,6430
294,3,7209
294,3,7210
3437,3,5882
3437,3,2588
5486,3,5487
5486,3,5488
5486,3,6704
5486,3,5002
5487,3,5488
513,3,7317
161,3,161
161,3,918
161,3,6186
161,3,6187
161,3,5400
161,3,6670
161,3,641
161,3,7220
161,3,7221
267,3,22
267,3,21
22,3,1016
22,3,5319
22,3,867
22,3,7151
22,3,5320
22,3,7299
5494,3,2889
5500,3,1046
5513,3,1624
134,3,983
983,3,21
5521,3,5522
3335,3,5526
3335,3,4628
3335,3,5527
3335,3,5628
3335,3,48
3335,3,17
5526,3,4628
5526,3,5527
5526,3,5628
4628,3,5527
21,3,5528
21,3,5529
21,3,5890
21,3,1106
21,3,21
21,3,236
21,3,1332
21,3,6270
21,3,534
21,3,212
21,3,1149
21,3,364
21,3,6672
21,3,6717
21,3,6729
21,3,293
21,3,6789
21,3,6790
21,3,6791
21,3,451
21,3,5965
21,3,1321
21,3,6974
21,3,3939
21,3,6430
21,3,7070
21,3,2800
21,3,7076
21,3,2171
21,3,1301
21,3,7077
21,3,7106
21,3,42
21,3,641
21,3,3974
21,3,746
21,3,958
21,3,7375
21,3,7394
21,3,7395
21,3,7461
21,3,687
5528,3,5529
5535,3,5425
5425,3,42
5425,3,1325
312,3,5536
724,3,724
724,3,2544
5312,3,7
5312,3,232
5312,3,5602
5312,3,5312
5312,3,5793
5312,3,7509
7,3,5652
7,3,103
7,3,5734
7,3,591
7,3,2759
7,3,2273
1016,3,47
1016,3,5319
1016,3,867
1016,3,7151
1016,3,1016
1016,3,5320
1016,3,7299
1016,3,7424
5559,3,310
5559,3,618
310,3,618
310,3,39
310,3,6922
310,3,1505
310,3,6923
310,3,2161
310,3,6924
310,3,1256
310,3,6925
5565,3,5566
5565,3,3502
5566,3,3502
5574,3,5575
5577,3,4378
1134,3,999
1134,3,2102
1134,3,2759
42,3,5616
42,3,1325
42,3,126
42,3,6402
42,3,328
42,3,641
39,3,39
39,3,2759
39,3,6930
39,3,6931
39,3,6932
39,3,7050
232,3,4443
232,3,7341
232,3,2174
5641,3,5642
2759,3,5593
2759,3,243
2759,3,2102
2759,3,2273
2759,3,613
2759,3,7265
2759,3,2108
2759,3,123
3675,3,3675
3675,3,353
3675,3,832
5664,3,926
926,3,6077
5669,3,5670
5710,3,4476
729,3,5711
729,3,5225
729,3,346
729,3,5079
729,3,2285
729,3,5351
5734,3,5735
5734,3,103
5734,3,591
2507,3,2911
2507,3,6361
5821,3,5821
1819,3,945
3101,3,2595
3101,3,2464
2595,3,2464
5200,3,3527
5166,3,5180
5166,3,131
192,3,949
5900,3,4849
5900,3,5901
4849,3,5901
5914,3,5915
5914,3,7208
1600,3,6407
108,3,108
108,3,475
108,3,213
108,3,6164
108,3,6165
108,3,6166
108,3,1378
475,3,213
475,3,6065
475,3,4907
5955,3,5956
5957,3,610
610,3,867
126,3,843
126,3,5400
2526,3,5961
5978,3,581
5978,3,5979
581,3,5979
5984,3,5985
5602,3,5602
5602,3,7025
5602,3,7026
5602,3,44
5990,3,5991
1546,3,64
5198,3,5165
5198,3,6817
5198,3,6704
5198,3,6818
5198,3,2745
5165,3,6817
5165,3,6704
5165,3,6818
5165,3,5400
1387,3,6032
6065,3,4907
872,3,5322
872,3,356
6090,3,5660
6090,3,6091
6090,3,6090
5660,3,6091
6097,3,6098
6097,3,6099
6098,3,6099
6098,3,6874
135,3,6105
135,3,6106
6105,3,6106
6112,3,6113
6119,3,6119
177,3,6122
177,3,1833
6122,3,1833
1096,3,96
1096,3,1052
1096,3,2942
278,3,6133
6137,3,2588
2745,3,6630
2745,3,5986
2745,3,5930
6161,3,5159
5159,3,6238
5159,3,5189
5159,3,4581
5159,3,6710
6164,3,6165
6164,3,6166
6165,3,6166
236,3,236
236,3,2892
2174,3,1659
2174,3,4443
2174,3,7341
1659,3,6653
48,3,903
48,3,212
48,3,6401
48,3,6941
48,3,1002
48,3,5691
48,3,17
48,3,7449
918,3,6186
918,3,6187
6186,3,6187
6203,3,6204
6226,3,6010
6227,3,536
536,3,5754
536,3,2732
103,3,591
103,3,6768
6233,3,5238
6233,3,6234
5238,3,6234
5238,3,62
791,3,6239
791,3,6240
791,3,6241
791,3,6242
791,3,14
6239,3,6240
6239,3,6241
6239,3,6242
6239,3,14
6240,3,6241
6240,3,6242
6240,3,14
6241,3,6242
6241,3,14
6242,3,14
546,3,7103
251,3,6250
251,3,4422
251,3,3599
6261,3,5419
6263,3,6264
6267,3,293
1332,3,6270
1332,3,153
1027,3,6278
1027,3,1027
1027,3,7184
1027,3,2437
328,3,328
328,3,6402
5189,3,4581
6283,3,6284
353,3,6293
353,3,832
4422,3,3599
4422,3,4422
4422,3,6172
212,3,534
212,3,7394
212,3,7395
58,3,734
451,3,6867
153,3,6364
153,3,6365
153,3,6366
6364,3,6365
6364,3,6366
6365,3,6366
332,3,423
332,3,6383
332,3,6384
332,3,17
423,3,6383
423,3,6384
423,3,423
6383,3,6384
6386,3,6387
6386,3,6386
1052,3,2942
6429,3,3939
6429,3,6430
3939,3,6430
6461,3,30
6470,3,6471
6470,3,6472
6470,3,6473
6471,3,6472
6471,3,6473
6472,3,6473
6485,3,6486
6493,3,3651
695,3,6525
695,3,6526
695,3,1169
695,3,6527
6525,3,6526
6525,3,1169
6525,3,6527
6526,3,1169
6526,3,6527
1169,3,6527
6545,3,6546
6545,3,44
6545,3,6547
6546,3,44
6546,3,6547
44,3,6547
44,3,7025
44,3,7026
6559,3,3331
666,3,465
666,3,6561
465,3,6561
6563,3,6564
6587,3,637
637,3,637
6590,3,4184
136,3,64
64,3,2282
6602,3,6603
5396,3,6605
6605,3,6605
364,3,7518
364,3,4771
364,3,7519
364,3,7520
589,3,6621
589,3,6622
6621,3,6622
5320,3,6625
5320,3,5319
5320,3,867
5320,3,7151
5320,3,7299
687,3,3039
687,3,7494
3039,3,1386
5542,3,6637
6644,3,6645
6646,3,3008
6657,3,6658
5464,3,6661
6670,3,641
4388,3,2726
1408,3,3841
1408,3,1408
6704,3,5002
6704,3,6817
6704,3,6818
6744,3,6745
6752,3,6753
6778,3,893
6778,3,6779
893,3,6779
4952,3,5226
5226,3,2002
6789,3,6790
6789,3,6791
6790,3,6791
5986,3,5930
1670,3,6793
6817,3,6818
6825,3,6825
6838,3,158
6838,3,4339
158,3,4339
86,3,6840
621,3,228
621,3,7469
6871,3,2292
6871,3,6872
2292,3,6872
167,3,6877
6880,3,2285
6880,3,5939
2285,3,5939
2285,3,346
2285,3,5079
2285,3,5351
2310,3,6884
2310,3,7072
2310,3,7073
2310,3,7074
6888,3,6115
6279,3,2300
6922,3,1505
6922,3,6923
6922,3,2161
6922,3,6924
6922,3,1256
6922,3,6925
1505,3,6923
1505,3,2161
1505,3,6924
1505,3,1256
1505,3,6925
1505,3,7213
6923,3,2161
6923,3,6924
6923,3,1256
6923,3,6925
2161,3,6924
2161,3,1256
2161,3,6925
6924,3,1256
6924,3,6925
6924,3,6924
1256,3,6925
6930,3,6931
6930,3,6932
6931,3,6932
3322,3,3322
6941,3,1002
5507,3,6866
1321,3,6974
1628,3,6978
1628,3,6979
6978,3,6979
904,3,7295
904,3,20
7019,3,2833
7025,3,7025
7025,3,7026
5725,3,7027
7029,3,7030
1401,3,7031
1401,3,7032
7031,3,7032
7064,3,7064
7072,3,7073
7072,3,7074
7073,3,7074
7076,3,2171
7076,3,1301
7076,3,7077
2171,3,2171
2171,3,1301
2171,3,7077
1301,3,7077
7082,3,4330
1770,3,1770
530,3,4718
1177,3,5679
1177,3,1227
5679,3,1227
7093,3,7094
2513,3,6878
7114,3,920
7133,3,7134
2988,3,7137
5079,3,346
5079,3,5351
5319,3,867
5319,3,7151
867,3,7151
5180,3,131
5180,3,5180
5180,3,6398
5180,3,6223
5192,3,7202
40,3,3726
40,3,7173
3726,3,7173
4360,3,962
526,3,7178
526,3,7179
526,3,368
7178,3,7179
7178,3,368
7179,3,368
7181,3,7182
7184,3,2437
7189,3,6566
7191,3,7192
5691,3,5691
7209,3,7210
7218,3,7219
7220,3,7221
3472,3,7228
7247,3,3984
1520,3,7254
4607,3,2481
4607,3,2821
4607,3,1242
2481,3,2821
2481,3,1242
2821,3,1242
857,3,7280
857,3,7281
857,3,7282
857,3,7283
857,3,857
857,3,7284
7280,3,7281
7280,3,7282
7280,3,7283
7280,3,7284
7281,3,7282
7281,3,7283
7281,3,7284
7282,3,7283
7282,3,7284
7283,3,7284
7289,3,7290
7295,3,20
346,3,5351
6398,3,6223
1530,3,7327
5698,3,5695
5698,3,800
5698,3,7337
5698,3,7338
5695,3,800
5695,3,5695
5695,3,7337
5695,3,7338
800,3,7337
800,3,7338
7337,3,7338
4443,3,7341
4443,3,4443
1534,3,7354
170,3,170
7394,3,7395
7217,3,1012
7217,3,7217
7406,3,2458
7420,3,7421
6780,3,4391
495,3,109
7428,3,1601
7435,3,7436
308,3,308
6111,3,6111
3003,3,3003
7514,3,5607
7518,3,4771
7518,3,7519
7518,3,7520
4771,3,7519
4771,3,7520
7519,3,7520
7543,3,2579
7543,3,7544
2579,3,7544
724,4,371
724,4,9
724,4,2507
724,4,23
371,4,9
371,4,983
371,4,177
371,4,371
371,4,13
371,4,73
371,4,7455
9,4,9
9,4,23
9,4,60
9,4,5220
9,4,13
9,4,451
9,4,5630
9,4,3008
9,4,1096
9,4,412
9,4,290
9,4,11
9,4,1325
9,4,21
9,4,5942
9,4,261
9,4,76
9,4,71
9,4,389
9,4,4472
9,4,470
9,4,2759
9,4,904
9,4,2966
9,4,98
9,4,6277
9,4,94
9,4,1180
9,4,504
9,4,2161
9,4,5969
9,4,5775
9,4,258
9,4,6400
9,4,212
9,4,3393
9,4,6414
9,4,6424
9,4,6510
9,4,3763
9,4,966
9,4,1659
9,4,177
9,4,6715
9,4,6735
9,4,5351
9,4,6257
9,4,22
9,4,926
9,4,6751
9,4,2745
9,4,73
9,4,5400
9,4,1002
9,4,48
9,4,350
9,4,153
9,4,7194
9,4,2443
9,4,934
9,4,326
9,4,7264
9,4,17
9,4,126
9,4,5425
9,4,687
9,4,7455
9,4,685
9,4,7484
9,4,7512
23,4,23
23,4,5319
23,4,1016
23,4,7
23,4,5320
23,4,108
23,4,5398
23,4,13
23,4,71
23,4,2930
23,4,905
23,4,5722
23,4,2214
23,4,267
23,4,996
23,4,867
23,4,7462
23,4,39
23,4,2507
13,4,13
13,4,5295
13,4,267
13,4,872
13,4,5322
13,4,71
13,4,258
13,4,323
13,4,356
13,4,1180
13,4,5731
13,4,1256
13,4,5858
13,4,5897
13,4,261
13,4,21
13,4,11
13,4,5942
13,4,904
13,4,28
13,4,98
13,4,6277
13,4,94
13,4,3307
13,4,6565
13,4,30
13,4,5314
13,4,5990
13,4,6746
13,4,6747
13,4,5351
13,4,6257
13,4,22
13,4,926
13,4,2745
13,4,7115
13,4,7194
13,4,7
13,4,153
13,4,76
13,4,17
13,4,3437
13,4,5882
13,4,73
13,4,326
13,4,7369
13,4,177
13,4,6041
13,4,126
13,4,48
13,4,3921
60,4,60
5222,4,5222
5222,4,966
966,4,144
966,4,3763
966,4,6702
966,4,4330
966,4,98
966,4,7512
5224,4,5192
5192,4,2507
5192,4,98
5192,4,5539
5192,4,581
5192,4,258
5192,4,821
5263,4,2834
5263,4,5264
2834,4,5264
5279,4,5280
83,4,94
94,4,98
94,4,6277
177,4,6715
177,4,177
267,4,7
267,4,5552
267,4,267
267,4,2373
7,4,5319
7,4,1016
7,4,5320
7,4,5552
7,4,2373
7,4,2930
7,4,905
7,4,5722
7,4,2214
7,4,5793
7,4,7
7,4,7462
7,4,39
5319,4,5319
5319,4,1016
5319,4,5320
1016,4,1016
1016,4,5320
872,4,5322
872,4,356
71,4,5364
71,4,389
71,4,6338
71,4,2745
5334,4,5335
22,4,5337
22,4,5351
22,4,6257
22,4,926
48,4,5342
48,4,5560
48,4,236
48,4,6232
48,4,7071
48,4,350
48,4,48
48,4,3921
258,4,323
258,4,5791
258,4,855
258,4,5897
258,4,261
258,4,5969
258,4,5775
258,4,258
258,4,949
258,4,1002
258,4,821
258,4,614
258,4,1181
258,4,2957
258,4,567
258,4,5180
258,4,6098
236,4,618
236,4,5355
236,4,96
236,4,610
236,4,6232
236,4,236
618,4,5355
618,4,96
618,4,610
5355,4,96
5355,4,610
96,4,610
5376,4,1181
5376,4,1180
5376,4,5159
5376,4,1600
5376,4,5377
5376,4,5378
1181,4,1180
1181,4,5159
1181,4,1600
1181,4,5377
1181,4,5378
1181,4,5312
1181,4,527
1181,4,614
1181,4,2453
1181,4,1032
1180,4,5159
1180,4,1600
1180,4,5377
1180,4,5378
1180,4,504
1180,4,2452
5159,4,1600
5159,4,5377
5159,4,5378
5159,4,5159
1600,4,5377
1600,4,5378
1600,4,2588
5377,4,5378
5388,4,5389
108,4,5398
108,4,139
108,4,7496
108,4,7497
108,4,2928
144,4,32
5467,4,5468
5480,4,777
323,4,5525
323,4,5685
323,4,5314
323,4,5990
323,4,7190
323,4,1063
513,4,581
581,4,2507
581,4,98
581,4,5539
581,4,3151
581,4,934
172,4,73
172,4,412
73,4,21
73,4,73
73,4,6435
73,4,7003
73,4,7004
73,4,7005
73,4,326
73,4,7369
73,4,7455
451,4,6170
2507,4,98
2507,4,5539
98,4,5539
98,4,6277
98,4,7512
5552,4,2373
2373,4,6040
2373,4,2588
5582,4,5583
189,4,2174
5630,4,3008
864,4,5663
666,4,5660
3437,4,5695
3437,4,821
3437,4,5696
3437,4,5697
3437,4,1771
3437,4,5698
3437,4,5699
3437,4,5180
3437,4,567
3437,4,126
3437,4,5166
3437,4,6961
3437,4,5882
5695,4,821
5695,4,5696
5695,4,5697
5695,4,5695
5695,4,1771
5695,4,5698
5695,4,5699
821,4,5696
821,4,5697
821,4,1771
821,4,5698
821,4,5699
821,4,6685
5696,4,5697
5696,4,1771
5696,4,5698
5696,4,5699
5697,4,1771
5697,4,5698
5697,4,5699
1771,4,5698
1771,4,5699
5698,4,5699
2930,4,905
2930,4,5722
2930,4,2214
905,4,5722
905,4,2214
5722,4,2214
5166,4,5761
5166,4,6961
5166,4,5314
3566,4,5345
1829,4,465
465,4,465
2002,4,5776
2002,4,353
2002,4,5777
5776,4,353
5776,4,5777
353,4,5777
5793,4,5793
5798,4,5799
832,4,5827
412,4,5226
412,4,6773
4048,4,3792
4048,4,5835
3792,4,5835
3263,4,5847
5180,4,567
5180,4,6098
567,4,7224
567,4,6098
1256,4,5858
5312,4,527
5312,4,2389
5312,4,5312
5312,4,3335
5312,4,261
5312,4,5189
5312,4,6440
5312,4,6993
5312,4,232
5312,4,11
290,4,11
11,4,21
11,4,11
11,4,5942
5897,4,261
21,4,21
21,4,972
21,4,30
21,4,350
21,4,6746
21,4,6747
21,4,7264
5923,4,421
5931,4,5932
527,4,6043
5967,4,298
2132,4,5968
2389,4,6782
2389,4,6783
5566,4,6025
49,4,504
76,4,17
76,4,76
4579,4,4581
91,4,6049
91,4,1320
6049,4,1320
3397,4,6059
470,4,7171
470,4,7172
5200,4,5015
5200,4,6096
5015,4,6096
2759,4,42
161,4,6175
161,4,161
161,4,6893
161,4,7164
161,4,3525
900,4,900
6198,4,6199
6198,4,6200
6198,4,6201
6198,4,6202
6199,4,6200
6199,4,6201
6199,4,6202
6200,4,6201
6200,4,6202
6201,4,6202
17,4,17
5165,4,1386
6363,4,6140
6363,4,4615
6140,4,4615
6379,4,6380
6379,4,6381
6380,4,6381
5969,4,5775
212,4,3393
3151,4,934
934,4,2443
934,4,326
5189,4,6440
3185,4,3186
5233,4,5233
2745,4,2745
2745,4,6126
2745,4,5198
2745,4,1044
2745,4,7474
6506,4,6507
42,4,42
6531,4,6532
6531,4,2650
6532,4,2650
6551,4,6552
3307,4,6565
5314,4,5990
5990,4,5990
6671,4,4820
6700,4,1651
6700,4,6701
1651,4,6701
6702,4,4330
6740,4,6741
6746,4,6747
5351,4,6257
5351,4,926
6257,4,6257
6257,4,926
926,4,926
6760,4,6761
126,4,6041
6782,4,6783
6832,4,6833
6832,4,5425
6832,4,6834
6832,4,560
6833,4,5425
6833,4,6834
6833,4,560
5425,4,6834
5425,4,560
6834,4,560
6835,4,5662
6865,4,5507
6865,4,6866
5507,4,6866
867,4,867
546,4,2329
6939,4,309
7003,4,7004
7003,4,7005
7004,4,7005
2943,4,7016
2943,4,7017
2943,4,7018
7016,4,7016
7016,4,7017
7016,4,7018
7017,4,7018
32,4,2919
1628,4,1628
5669,4,5670
7095,4,7096
7142,4,5238
7171,4,7172
2453,4,1032
7195,4,7196
2443,4,326
326,4,7369
326,4,6674
7217,4,294
4075,4,536
3270,4,6061
7331,4,252
6126,4,5198
7346,4,7347
7346,4,7348
7347,4,7348
7356,4,7357
7356,4,7358
7356,4,7359
7356,4,1398
7356,4,7360
7356,4,7361
7357,4,7358
7357,4,7359
7357,4,1398
7357,4,7360
7357,4,7361
7358,4,7359
7358,4,1398
7358,4,7360
7358,4,7361
7359,4,1398
7359,4,7360
7359,4,7361
1398,4,7360
1398,4,7361
7360,4,7361
7412,4,7413
7412,4,6678
7413,4,6678
2402,4,180
180,4,599
7462,4,39
7463,4,973
1044,4,7474
1072,4,1072
139,4,7496
139,4,7497
139,4,2928
7496,4,7497
7496,4,2928
7497,4,2928
687,5,258
687,5,261
258,5,261
5351,5,13
13,5,855
13,5,864
266,5,232
5611,5,5612
5611,5,5613
5612,5,5613
5612,5,5612
3035,5,2759
5781,5,67
67,5,67
3395,5,5948
6179,5,6180
21,5,9
855,5,855
855,5,864
864,5,864
5679,5,6594
2130,5,2130
560,5,267
5213,5,5159
1181,5,5312
