13,0,872
13,0,356
13,0,5079
13,0,5764
13,0,855
13,0,9
13,0,122
13,0,177
13,0,2300
13,0,23
13,0,8054
13,0,296
13,0,13
13,0,8112
13,0,161
13,0,613
13,0,8269
13,0,5351
13,0,527
13,0,3307
13,0,180
13,0,581
13,0,2452
872,0,356
623,0,623
623,0,23
623,0,934
23,0,934
23,0,23
23,0,177
23,0,2300
23,0,412
23,0,2161
23,0,2090
934,0,9
934,0,599
934,0,27
21,0,9
21,0,7590
21,0,7668
21,0,64
21,0,109
21,0,7643
9,0,855
9,0,9
9,0,7590
9,0,7902
9,0,764
9,0,322
9,0,8054
9,0,296
9,0,959
9,0,506
9,0,8141
9,0,294
9,0,8169
9,0,177
9,0,2429
9,0,8170
9,0,8269
9,0,5351
9,0,11
9,0,8071
9,0,599
9,0,27
9,0,8601
9,0,7643
9,0,8602
9,0,8836
9,0,109
9,0,7138
9,0,2452
9,0,48
9,0,7760
9,0,7806
9,0,9109
7604,0,7605
5079,0,5079
5079,0,2285
7652,0,7653
7652,0,2726
7652,0,2130
7652,0,913
7652,0,7654
7652,0,7655
7653,0,2726
7653,0,2130
7653,0,913
7653,0,7654
7653,0,7655
2726,0,2130
2726,0,913
2726,0,7654
2726,0,7655
2130,0,913
2130,0,7654
2130,0,7655
913,0,7654
913,0,7655
7654,0,7655
7662,0,412
412,0,2161
7590,0,7668
7590,0,7902
7590,0,73
7590,0,1097
7590,0,8836
7590,0,8601
5764,0,8075
258,0,323
258,0,7689
258,0,2047
258,0,3264
258,0,8768
323,0,7689
323,0,2047
323,0,608
7689,0,2047
7692,0,7693
724,0,7748
724,0,1155
724,0,57
724,0,724
724,0,470
7748,0,1155
7757,0,1238
4402,0,3527
7796,0,371
7796,0,7797
371,0,7797
371,0,371
144,0,32
32,0,284
122,0,900
177,0,2300
177,0,294
177,0,8169
177,0,2429
177,0,8170
7858,0,7
7643,0,109
7643,0,7643
7643,0,8601
7643,0,8602
7643,0,8071
109,0,8071
109,0,8981
109,0,8072
109,0,8067
1893,0,216
96,0,966
96,0,96
96,0,465
96,0,353
96,0,7830
96,0,7676
96,0,8433
96,0,8434
96,0,8435
96,0,7638
966,0,465
966,0,353
966,0,7830
966,0,165
465,0,353
465,0,7830
353,0,7830
353,0,8162
7830,0,8563
7830,0,8564
7830,0,8565
7830,0,9034
7974,0,7974
8054,0,296
42,0,42
8071,0,8072
8071,0,8067
8072,0,8981
8113,0,2389
261,0,73
261,0,8850
261,0,8851
261,0,1031
261,0,8988
161,0,613
294,0,8169
294,0,2429
294,0,8170
294,0,294
8169,0,2429
8169,0,8170
2429,0,8170
360,0,4908
501,0,8214
8269,0,5351
167,0,3162
167,0,7944
3162,0,7944
6486,0,312
7676,0,8433
7676,0,8434
7676,0,8435
7676,0,57
8433,0,8434
8433,0,8435
8434,0,8435
71,0,71
599,0,27
599,0,599
8498,0,2329
8563,0,8564
8563,0,8565
8564,0,8565
7494,0,8589
8601,0,8602
8601,0,8836
1733,0,8634
527,0,527
8648,0,1224
8648,0,8649
8648,0,3713
8648,0,2844
8648,0,8650
1224,0,8649
1224,0,3713
1224,0,2844
1224,0,8650
8649,0,3713
8649,0,2844
8649,0,8650
3713,0,2844
3713,0,8650
2844,0,8650
3797,0,8744
7728,0,8772
5263,0,864
5263,0,8842
864,0,8842
8850,0,8851
8850,0,1031
8851,0,1031
8012,0,8852
8873,0,6778
8873,0,5319
8873,0,39
8873,0,8874
8873,0,8875
8873,0,6572
6778,0,5319
6778,0,39
6778,0,8874
6778,0,6778
6778,0,8875
6778,0,6572
5319,0,39
5319,0,5319
5319,0,8874
5319,0,8875
5319,0,6572
5319,0,7299
39,0,8874
39,0,39
39,0,8875
39,0,6572
39,0,7299
8874,0,8875
8874,0,6572
8875,0,6572
180,0,581
2403,0,9037
2403,0,9038
2403,0,9039
2403,0,9040
2403,0,6010
9037,0,9038
9037,0,9039
9037,0,9040
9037,0,6010
9038,0,9039
9038,0,9040
9038,0,6010
9039,0,9040
9039,0,6010
9040,0,6010
48,0,7760
48,0,7806
7760,0,7806
150,0,9095
150,0,5599
9095,0,5599
364,1,4964
364,1,261
364,1,9
364,1,21
98,1,98
98,1,7550
98,1,7551
98,1,13
98,1,9
98,1,21
98,1,8053
98,1,4140
98,1,618
98,1,2928
98,1,8168
98,1,11
98,1,48
98,1,296
98,1,8525
98,1,2988
98,1,8526
98,1,248
7550,1,7551
13,1,7553
13,1,9
13,1,13
13,1,7578
13,1,5070
13,1,48
13,1,855
13,1,1386
13,1,73
13,1,687
13,1,602
13,1,21
13,1,2830
13,1,76
13,1,139
13,1,7608
13,1,7632
13,1,42
13,1,7667
13,1,7683
13,1,1261
13,1,7684
13,1,567
13,1,296
13,1,7685
13,1,7695
13,1,261
13,1,2474
13,1,7727
13,1,7735
13,1,7741
13,1,7742
13,1,7760
13,1,3025
13,1,7336
13,1,498
13,1,153
13,1,966
13,1,323
13,1,7806
13,1,7807
13,1,2649
13,1,7808
13,1,3403
13,1,371
13,1,2812
13,1,7833
13,1,7834
13,1,6066
13,1,2507
13,1,7884
13,1,6100
13,1,791
13,1,44
13,1,7912
13,1,1001
13,1,7929
13,1,7930
13,1,7934
13,1,7953
13,1,560
13,1,7959
13,1,11
13,1,7960
13,1,5773
13,1,1988
13,1,729
13,1,7963
13,1,3303
13,1,2268
13,1,161
13,1,2781
13,1,1051
13,1,546
13,1,5177
13,1,96
13,1,258
13,1,8100
13,1,71
13,1,8130
13,1,8134
13,1,7835
13,1,8148
13,1,3039
13,1,2928
13,1,8168
13,1,8183
13,1,8198
13,1,8206
13,1,8207
13,1,8270
13,1,1301
13,1,1317
13,1,8108
13,1,8308
13,1,8325
13,1,279
13,1,8354
13,1,1181
13,1,8360
13,1,5650
13,1,3974
13,1,5040
13,1,8376
13,1,2388
13,1,7615
13,1,3939
13,1,8473
13,1,8490
13,1,8500
13,1,23
13,1,8507
13,1,8520
13,1,1836
13,1,8525
13,1,2988
13,1,8526
13,1,623
13,1,57
13,1,8612
13,1,8613
13,1,8614
13,1,8618
13,1,8632
13,1,444
13,1,150
13,1,8638
13,1,8639
13,1,2429
13,1,1377
13,1,350
13,1,6735
13,1,83
13,1,177
13,1,7125
13,1,8732
13,1,8733
13,1,8735
13,1,7830
13,1,7756
13,1,1408
13,1,2847
13,1,7171
13,1,8757
13,1,8775
13,1,4187
13,1,8781
13,1,32
13,1,1046
13,1,1321
13,1,624
13,1,4505
13,1,7
13,1,1390
13,1,5351
13,1,144
13,1,180
13,1,724
13,1,8871
13,1,3675
13,1,212
13,1,8154
13,1,8890
13,1,8891
13,1,7294
13,1,353
13,1,8958
13,1,8036
13,1,8972
13,1,8973
13,1,953
13,1,9000
13,1,2130
13,1,9053
13,1,9063
13,1,608
13,1,621
13,1,9074
13,1,619
560,1,1002
560,1,73
560,1,5079
1002,1,564
1002,1,48
3132,1,9
9,1,7560
9,1,161
9,1,296
9,1,7568
9,1,9
9,1,7573
9,1,7577
9,1,48
9,1,855
9,1,1386
9,1,11
9,1,76
9,1,480
9,1,21
9,1,353
9,1,7600
9,1,96
9,1,7603
9,1,139
9,1,7608
9,1,7625
9,1,261
9,1,7626
9,1,7627
9,1,7632
9,1,23
9,1,527
9,1,2732
9,1,7638
9,1,2023
9,1,536
9,1,7641
9,1,7642
9,1,64
9,1,2843
9,1,7659
9,1,7663
9,1,1455
9,1,7686
9,1,7695
9,1,1093
9,1,7699
9,1,2474
9,1,7712
9,1,169
9,1,73
9,1,724
9,1,983
9,1,153
9,1,4739
9,1,7745
9,1,7746
9,1,1840
9,1,232
9,1,7750
9,1,17
9,1,7760
9,1,3025
9,1,7766
9,1,286
9,1,323
9,1,7806
9,1,7807
9,1,2649
9,1,7808
9,1,567
9,1,641
9,1,7826
9,1,1046
9,1,7840
9,1,7841
9,1,7842
9,1,108
9,1,2329
9,1,7856
9,1,371
9,1,7879
9,1,350
9,1,7010
9,1,7885
9,1,3073
9,1,7896
9,1,7901
9,1,3939
9,1,7902
9,1,7905
9,1,294
9,1,623
9,1,3154
9,1,7927
9,1,7928
9,1,7929
9,1,7930
9,1,236
9,1,824
9,1,7935
9,1,7936
9,1,2268
9,1,7938
9,1,7946
9,1,7947
9,1,7948
9,1,7955
9,1,7956
9,1,2401
9,1,7959
9,1,7960
9,1,5773
9,1,1988
9,1,729
9,1,7963
9,1,109
9,1,7977
9,1,7978
9,1,7979
9,1,7980
9,1,3303
9,1,40
9,1,7914
9,1,162
9,1,8008
9,1,8019
9,1,8020
9,1,38
9,1,8021
9,1,8022
9,1,8023
9,1,8024
9,1,7
9,1,8025
9,1,2180
9,1,791
9,1,8053
9,1,1325
9,1,2437
9,1,8074
9,1,3063
9,1,8085
9,1,8089
9,1,5070
9,1,258
9,1,8104
9,1,8106
9,1,8109
9,1,8117
9,1,5930
9,1,8118
9,1,8121
9,1,8125
9,1,8071
9,1,8134
9,1,8167
9,1,2928
9,1,8168
9,1,212
9,1,8189
9,1,8192
9,1,8206
9,1,8207
9,1,255
9,1,3958
9,1,8224
9,1,598
9,1,248
9,1,1332
9,1,8264
9,1,8265
9,1,290
9,1,8268
9,1,546
9,1,8270
9,1,116
9,1,8292
9,1,8293
9,1,83
9,1,618
9,1,8308
9,1,2976
9,1,8323
9,1,498
9,1,8344
9,1,279
9,1,8354
9,1,8233
9,1,3974
9,1,8365
9,1,8366
9,1,32
9,1,6271
9,1,8371
9,1,703
9,1,8363
9,1,2389
9,1,8381
9,1,530
9,1,8382
9,1,7657
9,1,1013
9,1,8408
9,1,8409
9,1,8410
9,1,8431
9,1,844
9,1,966
9,1,1536
9,1,394
9,1,8445
9,1,2388
9,1,7615
9,1,8473
9,1,8477
9,1,8478
9,1,2130
9,1,1913
9,1,940
9,1,8484
9,1,45
9,1,8490
9,1,4908
9,1,8499
9,1,2781
9,1,7336
9,1,57
9,1,8525
9,1,2988
9,1,8526
9,1,8531
9,1,687
9,1,7643
9,1,318
9,1,3831
9,1,7730
9,1,7374
9,1,8615
9,1,42
9,1,3992
9,1,444
9,1,150
9,1,8638
9,1,8639
9,1,2429
9,1,8652
9,1,8655
9,1,4867
9,1,1377
9,1,7098
9,1,8682
9,1,8683
9,1,8684
9,1,8700
9,1,1155
9,1,723
9,1,8715
9,1,6735
9,1,8730
9,1,8732
9,1,71
9,1,8734
9,1,8735
9,1,7784
9,1,8743
9,1,1755
9,1,8746
9,1,8769
9,1,8778
9,1,8781
9,1,8795
9,1,1321
9,1,2174
9,1,624
9,1,4505
9,1,8822
9,1,8823
9,1,8824
9,1,8825
9,1,764
9,1,8858
9,1,8861
9,1,5351
9,1,144
9,1,180
9,1,8878
9,1,8154
9,1,8888
9,1,8889
9,1,8908
9,1,8909
9,1,8938
9,1,8939
9,1,5939
9,1,8
9,1,8945
9,1,8949
9,1,8045
9,1,8971
9,1,4656
9,1,8036
9,1,8972
9,1,8973
9,1,8976
9,1,8977
9,1,134
9,1,581
9,1,8992
9,1,7233
9,1,103
9,1,9008
9,1,293
9,1,9009
9,1,9016
9,1,2657
9,1,9043
9,1,9053
9,1,1606
9,1,1320
9,1,7944
9,1,9057
9,1,5129
9,1,9074
9,1,619
9,1,1661
9,1,9085
9,1,9086
9,1,9111
7557,1,21
21,1,73
21,1,687
21,1,602
21,1,21
21,1,7678
21,1,7722
21,1,7733
21,1,7735
21,1,323
21,1,7638
21,1,7756
21,1,966
21,1,7806
21,1,7807
21,1,2649
21,1,7808
21,1,279
21,1,7830
21,1,7831
21,1,7857
21,1,43
21,1,7903
21,1,64
21,1,7984
21,1,1051
21,1,546
21,1,236
21,1,5177
21,1,371
21,1,7234
21,1,8231
21,1,8232
21,1,168
21,1,8257
21,1,96
21,1,3726
21,1,212
21,1,2192
21,1,83
21,1,1321
21,1,1484
21,1,7657
21,1,8
21,1,709
21,1,8513
21,1,7600
21,1,7374
21,1,1386
21,1,567
21,1,3866
21,1,1097
21,1,8701
21,1,4825
21,1,610
21,1,8732
21,1,71
21,1,8607
21,1,261
21,1,1755
21,1,8746
21,1,8154
21,1,296
21,1,2510
21,1,1046
21,1,32
21,1,321
21,1,8992
21,1,139
21,1,9005
21,1,9053
21,1,1013
21,1,9056
21,1,9105
7558,1,108
7558,1,5814
7558,1,73
108,1,4710
108,1,7596
108,1,141
108,1,7597
108,1,7598
108,1,7599
108,1,567
108,1,7842
108,1,5079
108,1,2285
108,1,71
108,1,7699
108,1,48
7562,1,1155
7562,1,3551
1155,1,3551
1155,1,1155
1155,1,5351
1155,1,7665
1155,1,8178
1155,1,527
1155,1,2402
3551,1,2402
161,1,296
161,1,7778
161,1,7779
161,1,255
161,1,423
161,1,8620
161,1,58
161,1,7501
296,1,7683
296,1,1261
296,1,7684
296,1,567
296,1,602
296,1,7685
296,1,2474
296,1,48
296,1,983
296,1,7840
296,1,7841
296,1,1338
296,1,7905
296,1,7906
296,1,83
296,1,7922
296,1,1046
296,1,8104
296,1,45
296,1,966
296,1,3039
296,1,4215
296,1,11
296,1,2510
5351,1,1520
5351,1,7665
5351,1,5070
5351,1,4360
5351,1,1819
5351,1,217
5351,1,144
5351,1,32
5351,1,180
5351,1,724
7568,1,48
7568,1,1046
73,1,7570
73,1,7571
73,1,3655
73,1,73
73,1,236
73,1,7572
73,1,687
73,1,602
73,1,983
73,1,261
73,1,7809
73,1,6032
73,1,11
73,1,1670
73,1,32
73,1,7946
73,1,7947
73,1,7948
73,1,729
73,1,7963
73,1,48
73,1,8152
73,1,1227
73,1,8177
73,1,8249
73,1,212
73,1,2192
73,1,546
73,1,43
73,1,6271
73,1,8371
73,1,5040
73,1,8376
73,1,8411
73,1,23
73,1,8522
73,1,8523
73,1,3200
73,1,6071
73,1,940
73,1,5814
73,1,7294
73,1,353
73,1,8969
73,1,232
73,1,7883
73,1,96
73,1,9103
7570,1,7571
7570,1,3655
7570,1,236
7570,1,7572
7571,1,3655
7571,1,236
7571,1,7572
3655,1,236
3655,1,7572
236,1,7572
236,1,824
236,1,546
236,1,8863
236,1,8864
236,1,934
7578,1,5070
5070,1,258
5070,1,4360
5070,1,1819
5070,1,217
7579,1,5002
7579,1,7580
7579,1,7581
5002,1,7580
5002,1,7581
7580,1,7581
6280,1,261
261,1,7625
261,1,7729
261,1,7730
261,1,764
261,1,7731
261,1,261
261,1,40
261,1,602
261,1,96
261,1,8494
261,1,57
261,1,232
261,1,8670
261,1,1755
261,1,8746
261,1,9101
48,1,855
48,1,1386
48,1,139
48,1,983
48,1,7768
48,1,323
48,1,7769
48,1,1046
48,1,623
48,1,294
48,1,1332
48,1,966
48,1,11
48,1,8198
48,1,8264
48,1,8265
48,1,564
48,1,5655
48,1,2657
48,1,8638
48,1,8639
48,1,2429
48,1,7699
855,1,1386
1386,1,7913
1386,1,7374
1386,1,9056
687,1,602
687,1,723
687,1,1013
602,1,7683
602,1,1261
602,1,7684
602,1,567
602,1,7685
602,1,602
7583,1,7584
7586,1,7587
11,1,1671
11,1,1670
11,1,96
11,1,7784
11,1,11
11,1,212
11,1,546
11,1,7861
11,1,7901
11,1,3939
11,1,7902
11,1,7955
11,1,7956
11,1,2401
11,1,76
11,1,7959
11,1,8009
11,1,20
11,1,8010
11,1,8
11,1,451
11,1,7608
11,1,1046
11,1,2928
11,1,8168
11,1,8184
11,1,8224
11,1,23
11,1,567
11,1,8326
11,1,8327
11,1,3577
11,1,371
11,1,153
11,1,8490
11,1,341
11,1,8652
11,1,7098
11,1,350
11,1,4878
11,1,5939
11,1,724
11,1,8949
11,1,144
11,1,8036
11,1,8972
11,1,8973
11,1,1332
11,1,4833
76,1,7959
76,1,341
4710,1,7596
4710,1,141
4710,1,7597
4710,1,7598
4710,1,7599
7596,1,141
7596,1,7597
7596,1,7598
7596,1,7599
141,1,7597
141,1,7598
141,1,7599
7597,1,7598
7597,1,7599
7598,1,7599
353,1,7600
353,1,96
353,1,8695
353,1,356
353,1,7294
353,1,8942
353,1,7830
353,1,353
353,1,623
7600,1,96
96,1,2732
96,1,7638
96,1,2023
96,1,536
96,1,7694
96,1,7822
96,1,7784
96,1,212
96,1,7865
96,1,5833
96,1,7940
96,1,30
96,1,96
96,1,23
96,1,618
96,1,8695
96,1,356
96,1,607
96,1,8843
96,1,8844
96,1,1534
139,1,7608
139,1,153
139,1,940
7608,1,1046
7608,1,8344
7608,1,2329
286,1,153
286,1,8808
286,1,8809
153,1,498
153,1,567
153,1,134
7616,1,7617
7616,1,509
7617,1,509
509,1,8296
509,1,509
509,1,8297
446,1,5159
446,1,567
5159,1,567
5159,1,8833
567,1,7683
567,1,1261
567,1,7684
567,1,7685
567,1,7761
567,1,724
567,1,567
567,1,5668
567,1,7842
567,1,8027
567,1,8117
567,1,5930
567,1,8118
567,1,536
567,1,8208
567,1,8392
567,1,8393
567,1,2388
567,1,8479
567,1,1097
567,1,83
567,1,8229
567,1,7944
567,1,8943
567,1,7233
567,1,134
7618,1,7619
7618,1,7620
7619,1,7620
7626,1,7627
3958,1,618
3958,1,167
618,1,4140
618,1,23
618,1,618
618,1,724
6981,1,6981
23,1,527
23,1,724
23,1,32
23,1,23
23,1,966
23,1,546
23,1,5939
23,1,8
527,1,8178
527,1,8610
527,1,8751
527,1,8057
703,1,1435
703,1,8161
703,1,8363
1435,1,7724
1435,1,7919
1435,1,8161
1435,1,8176
1435,1,8527
1435,1,67
1435,1,8528
1435,1,8882
2732,1,7638
2732,1,2023
2732,1,536
7638,1,2023
7638,1,536
7638,1,7756
7638,1,7920
7638,1,8144
7638,1,2938
7638,1,1840
2023,1,536
536,1,8117
536,1,5930
536,1,8118
536,1,607
7641,1,7642
64,1,983
64,1,2366
64,1,8841
64,1,3264
42,1,7754
42,1,201
42,1,7802
42,1,7803
42,1,7182
42,1,68
42,1,42
42,1,5725
42,1,606
42,1,8594
2843,1,8350
1661,1,29
1661,1,9085
1661,1,9086
1661,1,1661
29,1,5079
29,1,2285
29,1,8514
29,1,1645
7658,1,17
7658,1,7658
17,1,17
17,1,341
17,1,7969
17,1,6670
7663,1,1455
401,1,1168
7669,1,7670
7669,1,5615
7670,1,5615
7683,1,1261
7683,1,7684
7683,1,7685
1261,1,7684
1261,1,7685
7684,1,7685
3445,1,1046
3445,1,3445
3445,1,5038
3445,1,7690
3445,1,7691
1046,1,1046
1046,1,5038
1046,1,7690
1046,1,7691
1046,1,7922
1046,1,546
1046,1,498
1046,1,177
1046,1,8577
1046,1,1204
1046,1,7944
1046,1,8626
1046,1,8627
1046,1,371
1046,1,2004
1046,1,8725
1046,1,32
1046,1,2510
5038,1,7690
5038,1,7691
5038,1,8439
5038,1,8440
5038,1,8441
5038,1,8442
5038,1,8443
7690,1,7691
7690,1,8439
7690,1,8440
7690,1,8441
7690,1,8442
7690,1,8443
169,1,5079
7717,1,7718
7718,1,32
724,1,8056
724,1,546
724,1,8738
724,1,8
724,1,2913
724,1,144
724,1,32
724,1,180
724,1,5939
7729,1,7730
7729,1,764
7729,1,7731
7730,1,764
7730,1,7731
7730,1,7914
764,1,7731
7736,1,7737
7736,1,7738
7736,1,7739
7736,1,7740
7737,1,7738
7737,1,7739
7737,1,7740
7738,1,7739
7738,1,7740
7739,1,7740
7741,1,7742
4739,1,7745
4739,1,7746
7745,1,7746
1840,1,2938
323,1,7768
323,1,7769
323,1,7806
323,1,7807
323,1,2649
323,1,7808
323,1,172
323,1,1325
323,1,623
323,1,8143
323,1,323
323,1,341
323,1,8587
323,1,1332
323,1,8846
323,1,2429
232,1,7750
232,1,8670
232,1,8969
6060,1,3264
3264,1,8088
3264,1,3264
3264,1,5226
3264,1,8961
3264,1,5189
7756,1,7830
201,1,7904
7336,1,2781
3786,1,7698
3786,1,4059
7698,1,4059
7768,1,7769
7768,1,3063
7768,1,7881
7768,1,7474
7768,1,7882
498,1,546
7778,1,7779
7778,1,255
7779,1,255
966,1,1332
966,1,8431
966,1,844
966,1,8
966,1,934
7785,1,7786
7785,1,7787
7785,1,168
7786,1,7787
7786,1,168
7787,1,168
168,1,546
168,1,7234
168,1,8231
168,1,8232
2759,1,7790
7793,1,4185
4185,1,3255
7802,1,7803
7806,1,7807
7806,1,2649
7806,1,7808
7807,1,2649
7807,1,7808
7807,1,8143
7807,1,341
2649,1,7808
2649,1,71
2649,1,276
2649,1,9015
7814,1,7815
7419,1,7817
7419,1,7419
641,1,8194
641,1,1321
5668,1,2165
371,1,8041
371,1,371
371,1,8326
371,1,8327
371,1,3577
371,1,8495
371,1,546
371,1,2004
371,1,8725
371,1,8893
371,1,8814
371,1,820
371,1,9102
1670,1,5079
279,1,279
279,1,4422
1072,1,7827
1072,1,144
1072,1,62
1072,1,7828
7827,1,7827
7827,1,144
7827,1,62
7827,1,7828
144,1,62
144,1,7828
144,1,144
144,1,32
144,1,180
144,1,8036
144,1,8972
144,1,8973
62,1,7828
62,1,8258
62,1,8259
7830,1,7831
7830,1,8942
7830,1,7830
7830,1,623
2812,1,7833
2812,1,7834
7833,1,7834
7833,1,8876
7833,1,8877
7838,1,7839
7839,1,7839
7840,1,7841
71,1,71
71,1,1069
71,1,5079
71,1,2285
71,1,1013
71,1,8732
71,1,276
71,1,8987
7845,1,7
7,1,8019
7,1,8020
7,1,38
7,1,8021
7,1,8022
7,1,8023
7,1,8024
7,1,8025
7,1,39
7,1,8412
7,1,5320
7,1,32
7,1,2373
7850,1,7851
7784,1,212
7784,1,30
7784,1,7784
212,1,1881
212,1,2192
212,1,546
212,1,8607
212,1,8771
212,1,8154
546,1,7870
546,1,8225
546,1,546
546,1,2192
546,1,8
546,1,2913
7864,1,7643
623,1,1325
623,1,8256
623,1,8942
3008,1,7873
350,1,8569
350,1,8652
350,1,4878
350,1,8908
3063,1,7881
3063,1,7474
3063,1,7882
7881,1,7474
7881,1,7882
7474,1,7882
7474,1,8291
7474,1,5525
7474,1,258
2507,1,7884
2507,1,8140
32,1,1458
32,1,8115
32,1,7033
32,1,32
32,1,2373
32,1,8477
32,1,8
32,1,180
32,1,321
32,1,610
7886,1,1032
6778,1,7890
7892,1,4615
791,1,2180
5079,1,5079
5079,1,2285
5079,1,8514
5079,1,1645
5079,1,1180
5079,1,3396
7901,1,3939
7901,1,7098
3939,1,8473
3939,1,7098
43,1,7903
504,1,7682
504,1,5345
504,1,8248
504,1,8446
504,1,8447
7682,1,5345
7909,1,7910
7909,1,7911
7910,1,7911
7912,1,1001
7919,1,7919
7919,1,8384
7919,1,691
7919,1,8686
83,1,8578
83,1,136
3154,1,7927
3154,1,7928
3154,1,7977
3154,1,7978
3154,1,7979
3154,1,7980
7927,1,7928
7929,1,7930
7935,1,7936
7935,1,2268
7935,1,6629
7936,1,2268
2268,1,3303
7946,1,7947
7946,1,7948
7947,1,7948
7949,1,7950
7955,1,7956
7955,1,2401
7956,1,2401
7957,1,4616
7960,1,5773
7961,1,7962
729,1,7963
7965,1,7966
7965,1,7967
7965,1,7968
7966,1,7967
7966,1,7968
7967,1,7968
341,1,7969
341,1,8143
109,1,8347
7977,1,7978
7977,1,7979
7977,1,7980
7978,1,7979
7978,1,7980
7979,1,7980
3333,1,7982
3333,1,125
3333,1,7983
7982,1,125
7982,1,7983
125,1,7983
7990,1,7991
7992,1,7993
7992,1,1643
7993,1,1643
7914,1,162
7914,1,8478
7914,1,7914
7914,1,5129
162,1,8478
8009,1,20
20,1,8884
20,1,5129
20,1,8917
20,1,1548
20,1,38
20,1,8918
20,1,8919
20,1,8920
8010,1,8
8,1,103
8,1,5507
8,1,8599
8,1,934
8,1,2913
8,1,5939
8013,1,8014
8013,1,8015
8014,1,8015
30,1,8450
30,1,5725
30,1,1106
1606,1,8016
1606,1,1320
3077,1,8018
8019,1,8019
8019,1,8020
8019,1,38
8019,1,8021
8019,1,8022
8019,1,8023
8019,1,8024
8019,1,8025
8020,1,38
8020,1,8021
8020,1,8022
8020,1,8023
8020,1,8024
8020,1,8025
38,1,8021
38,1,8022
38,1,8023
38,1,8024
38,1,8025
38,1,8917
38,1,1548
38,1,8918
38,1,8919
38,1,8920
8021,1,8022
8021,1,8023
8021,1,8024
8021,1,8025
8022,1,8023
8022,1,8024
8022,1,8025
8023,1,8024
8023,1,8025
8024,1,8025
5780,1,8026
5780,1,515
8026,1,515
515,1,8979
515,1,79
515,1,5464
515,1,8980
515,1,258
931,1,7150
931,1,931
931,1,8031
931,1,8032
931,1,5986
7150,1,8031
7150,1,8032
7150,1,5986
8031,1,8032
8031,1,5986
8032,1,5986
8033,1,8034
8042,1,8043
8042,1,8044
8043,1,8044
8045,1,8046
8045,1,8971
7895,1,562
7895,1,8358
2657,1,1546
1546,1,7721
1546,1,8774
1325,1,8544
5177,1,8926
258,1,8355
258,1,8339
258,1,8979
258,1,79
258,1,5464
258,1,8980
1332,1,8264
1332,1,8265
8094,1,8094
7816,1,2457
7816,1,8584
7816,1,1242
8101,1,8102
8103,1,2798
8110,1,7657
8110,1,1227
7657,1,1227
7657,1,8742
7657,1,105
1227,1,8152
8115,1,7033
8117,1,5930
8117,1,8118
5930,1,8118
5930,1,8655
5930,1,4867
8119,1,8120
8071,1,8976
8071,1,8977
8131,1,8132
8131,1,8934
8142,1,1601
8145,1,8146
2285,1,2285
2285,1,8514
2285,1,1645
7835,1,8148
8149,1,8150
8149,1,8151
8150,1,8151
7125,1,8159
7125,1,177
7125,1,7171
7125,1,8757
2928,1,8168
2928,1,746
8181,1,8182
8194,1,1321
8194,1,8859
8194,1,167
1321,1,1484
8206,1,8207
167,1,8859
204,1,8217
204,1,2599
204,1,8218
8217,1,2599
8217,1,8218
2599,1,8218
7234,1,8231
7234,1,8232
8231,1,8232
8243,1,8244
8246,1,8247
1149,1,1149
8258,1,8259
8264,1,8265
8266,1,8267
290,1,8268
103,1,9008
103,1,293
103,1,9009
1317,1,8108
8284,1,8285
4993,1,8289
4993,1,8290
8289,1,8290
8291,1,5525
8292,1,8293
8296,1,8297
8300,1,8301
8300,1,8302
8301,1,8302
8317,1,1899
8317,1,8318
8317,1,34
8317,1,1454
8317,1,8319
1899,1,8318
1899,1,34
1899,1,1454
1899,1,8319
8318,1,34
8318,1,1454
8318,1,8319
34,1,1454
34,1,34
34,1,8319
1454,1,8319
606,1,7555
8326,1,8327
8326,1,3577
8327,1,3577
8334,1,8335
8334,1,8336
8335,1,8336
3200,1,4400
3200,1,3200
4805,1,8349
8349,1,8826
8349,1,8697
8349,1,8827
8349,1,8698
3283,1,539
1181,1,8360
1181,1,5650
8360,1,5650
8365,1,8366
1203,1,1203
4360,1,4360
4360,1,1819
4360,1,217
1819,1,217
5507,1,6605
8368,1,8369
8368,1,2579
8369,1,2579
6271,1,8371
5040,1,8376
8363,1,8505
8363,1,8506
8381,1,530
8381,1,8382
530,1,8382
8392,1,8393
1013,1,1013
3035,1,3035
3035,1,382
382,1,382
4614,1,4614
177,1,8667
177,1,8668
177,1,8669
8406,1,5285
8408,1,8409
39,1,8412
39,1,39
39,1,5320
8412,1,5320
7939,1,6592
7939,1,8422
6592,1,8422
8431,1,844
8439,1,8440
8439,1,8441
8439,1,8442
8439,1,8443
8440,1,8441
8440,1,8442
8440,1,8443
8441,1,8442
8441,1,8443
8442,1,8443
1536,1,394
8446,1,8447
8460,1,8461
8462,1,8463
8462,1,2446
8463,1,2446
2130,1,1913
2130,1,9000
8480,1,8481
940,1,3831
8384,1,8913
8384,1,8914
3278,1,3702
3278,1,8496
3278,1,3278
3702,1,8496
8497,1,7944
7944,1,8577
7944,1,1204
7944,1,8819
7944,1,8943
7944,1,7944
7944,1,9057
8503,1,8504
8505,1,8506
8514,1,1645
8518,1,8519
8521,1,847
8522,1,8523
8525,1,2988
8525,1,8526
2988,1,8526
8527,1,67
8527,1,8528
67,1,8528
8534,1,8535
8554,1,8555
8554,1,8556
8555,1,8556
8566,1,8567
8229,1,8570
8577,1,1204
8580,1,8581
8580,1,8582
8581,1,8582
8584,1,8584
8584,1,1242
8584,1,9045
8584,1,9046
8591,1,8592
8608,1,8609
8612,1,8613
8612,1,8614
8613,1,8614
8620,1,58
8626,1,8627
2102,1,621
621,1,9063
621,1,608
444,1,150
444,1,8734
8638,1,8639
8638,1,2429
8639,1,2429
8644,1,8645
8655,1,4867
8658,1,6530
8661,1,8662
8661,1,8663
8662,1,8663
1488,1,8664
8667,1,8668
8667,1,8669
8668,1,8669
934,1,8863
934,1,8864
934,1,934
8682,1,8683
8682,1,8684
8683,1,8684
691,1,8686
8694,1,8694
8695,1,356
723,1,9108
8711,1,8712
8711,1,8713
8711,1,8714
8712,1,8713
8712,1,8714
8713,1,8714
4825,1,610
610,1,610
8589,1,8724
2004,1,8725
8727,1,8728
8727,1,8729
8728,1,8729
1390,1,8731
1408,1,2847
8742,1,105
1755,1,8746
7171,1,8757
136,1,332
4914,1,3090
7801,1,8770
7721,1,8774
8794,1,8191
8796,1,8797
8542,1,3393
5814,1,5814
8808,1,8809
8811,1,5422
8812,1,1224
8814,1,2293
8814,1,8893
8816,1,8817
624,1,4505
8820,1,8821
8822,1,8823
8822,1,8824
8823,1,8824
8826,1,8697
8826,1,8827
8826,1,8698
8697,1,8827
8697,1,8698
8827,1,8698
8843,1,8844
8843,1,1534
8844,1,1534
1505,1,1505
3151,1,8854
8863,1,8864
591,1,8870
591,1,725
8870,1,725
8871,1,3675
8876,1,8877
6697,1,5895
8884,1,5129
8888,1,8889
8888,1,8888
8901,1,8902
8901,1,8903
8901,1,5260
8901,1,8813
8902,1,8903
8902,1,5260
8902,1,8813
8903,1,5260
8903,1,8813
5260,1,8813
8906,1,8907
8913,1,8914
8917,1,1548
8917,1,8918
8917,1,8919
8917,1,8920
1548,1,8918
1548,1,8919
1548,1,8920
8918,1,8919
8918,1,8920
8919,1,8920
270,1,8923
270,1,8924
8923,1,8924
8929,1,8930
8929,1,8931
8929,1,8932
8929,1,8933
8930,1,8931
8930,1,8932
8930,1,8933
8931,1,8932
8931,1,8933
8932,1,8933
310,1,3545
8938,1,8939
4986,1,8941
4631,1,3322
4722,1,8957
2282,1,2833
8961,1,5189
8966,1,1347
8966,1,8967
1347,1,1347
1347,1,8967
8036,1,8972
8036,1,8973
8972,1,8973
8976,1,8977
8976,1,9043
8979,1,79
8979,1,5464
8979,1,8980
79,1,5464
79,1,8980
5464,1,8980
8989,1,8619
8989,1,8990
8619,1,8619
8619,1,8990
900,1,900
9003,1,9004
9008,1,293
9008,1,9009
293,1,9009
293,1,9012
293,1,9013
293,1,8748
9012,1,9013
9012,1,8748
9013,1,8748
7421,1,6768
432,1,9044
9045,1,9046
9054,1,9055
9063,1,608
9074,1,619
9078,1,9079
9085,1,9086
9089,1,8338
9092,1,9093
9092,1,9094
9093,1,9094
820,1,9102
9,2,48
9,2,8
9,2,296
9,2,7721
9,2,8002
9,2,9
9,2,217
9,2,11
9,2,480
9,2,1097
9,2,8068
9,2,109
9,2,546
9,2,8543
9,2,13
9,2,8759
9,2,8361
9,2,8774
9,2,724
48,2,8
48,2,724
7613,2,7614
7721,2,8774
1097,2,21
1097,2,71
21,2,1606
21,2,8887
21,2,13
21,2,73
21,2,21
21,2,1431
8067,2,8068
8068,2,109
8068,2,9077
8303,2,567
8303,2,691
567,2,691
567,2,8432
691,2,8432
5226,2,5226
5226,2,8346
109,2,8470
109,2,5820
8470,2,5820
546,2,8543
13,2,13
13,2,8361
13,2,764
13,2,73
6458,2,8847
8879,2,123
5655,2,8975
5655,2,98
8975,2,98
9059,2,2976
9059,2,153
9059,2,1292
2976,2,153
2976,2,1292
153,2,1292
2507,3,23
23,3,13
23,3,23
23,3,32
23,3,2913
23,3,724
23,3,1016
23,3,7762
23,3,7846
23,3,353
23,3,7875
23,3,2892
23,3,9
23,3,310
23,3,1256
23,3,7
23,3,95
23,3,412
23,3,3137
23,3,918
23,3,8036
23,3,8083
23,3,618
23,3,527
23,3,73
23,3,346
23,3,824
23,3,5739
23,3,180
23,3,3651
23,3,8636
23,3,2373
23,3,7845
23,3,34
23,3,8748
23,3,236
23,3,4480
7565,3,7566
7565,3,7567
7566,3,7567
5079,3,2285
5079,3,423
5079,3,2741
5079,3,527
5079,3,73
5079,3,618
5079,3,7650
5079,3,13
5079,3,7773
5079,3,2697
5079,3,7777
5079,3,8070
5079,3,9
5079,3,5079
5079,3,5070
5079,3,1836
5079,3,177
5079,3,8321
5079,3,8370
5079,3,8436
5079,3,5351
5079,3,949
5079,3,71
5079,3,6176
5079,3,8716
5079,3,1180
5079,3,2111
5079,3,1284
2285,3,13
2285,3,7860
2285,3,9
2285,3,177
2285,3,8436
2285,3,5351
2285,3,949
2285,3,1645
2285,3,8003
2285,3,8279
2285,3,217
2285,3,5688
2285,3,2285
2285,3,1284
3358,3,7592
7609,3,13
13,3,13
13,3,7650
13,3,9
13,3,7719
13,3,729
13,3,2697
13,3,73
13,3,7777
13,3,71
13,3,2197
13,3,1659
13,3,21
13,3,279
13,3,4422
13,3,323
13,3,562
13,3,900
13,3,8061
13,3,777
13,3,7087
13,3,8070
13,3,7823
13,3,2741
13,3,7
13,3,5070
13,3,855
13,3,6131
13,3,5351
13,3,8436
13,3,8471
13,3,8629
13,3,32
13,3,8630
13,3,11
13,3,8690
13,3,2139
13,3,1627
13,3,724
13,3,3396
13,3,8761
423,3,2741
423,3,527
423,3,73
423,3,618
423,3,423
2741,3,527
2741,3,73
2741,3,618
2741,3,2741
2741,3,1224
527,3,73
527,3,618
527,3,7765
527,3,9
527,3,32
527,3,2892
527,3,2943
73,3,618
73,3,2697
73,3,7777
73,3,32
73,3,73
73,3,7898
73,3,9
73,3,8164
73,3,8188
73,3,346
73,3,8304
73,3,177
73,3,40
73,3,236
618,3,618
618,3,9
618,3,8083
618,3,2373
618,3,32
618,3,1016
618,3,7
618,3,7845
618,3,34
7621,3,7622
7621,3,7623
7621,3,7624
7622,3,7623
7622,3,7624
7623,3,7624
310,3,1256
310,3,96
310,3,1016
310,3,7633
310,3,9
310,3,180
310,3,267
310,3,3004
310,3,32
310,3,94
310,3,8036
310,3,824
310,3,5739
310,3,310
1256,3,96
1256,3,1016
1256,3,7633
1256,3,21
1256,3,7
1256,3,1256
1256,3,32
1256,3,9
1256,3,8476
96,3,1016
96,3,7633
96,3,32
96,3,530
96,3,9
96,3,821
96,3,402
96,3,135
96,3,180
96,3,465
96,3,894
1016,3,7633
1016,3,32
1016,3,2913
1016,3,724
1016,3,7762
1016,3,353
1016,3,7875
1016,3,2892
1016,3,9
1016,3,1016
1016,3,261
1016,3,2373
1016,3,8036
1016,3,8779
1016,3,4830
1016,3,8780
1016,3,666
1016,3,180
1016,3,8883
1016,3,8898
1016,3,2090
4936,3,3551
7644,3,7645
1224,3,1224
1224,3,60
1224,3,34
1224,3,777
1224,3,756
60,3,9
60,3,1155
60,3,8178
60,3,60
108,3,1408
108,3,2847
108,3,108
108,3,177
108,3,331
108,3,777
108,3,32
108,3,144
1408,3,2847
1408,3,1408
44,3,9
9,3,7704
9,3,1873
9,3,217
9,3,7719
9,3,729
9,3,9
9,3,2435
9,3,180
9,3,47
9,3,2197
9,3,353
9,3,7875
9,3,32
9,3,2892
9,3,7883
9,3,48
9,3,350
9,3,258
9,3,1659
9,3,21
9,3,7
9,3,95
9,3,412
9,3,3137
9,3,918
9,3,5823
9,3,109
9,3,7677
9,3,8028
9,3,8029
9,3,900
9,3,8061
9,3,777
9,3,7087
9,3,8083
9,3,323
9,3,5320
9,3,756
9,3,4386
9,3,8156
9,3,8157
9,3,8158
9,3,530
9,3,821
9,3,1155
9,3,8178
9,3,8205
9,3,814
9,3,3165
9,3,8294
9,3,8295
9,3,5070
9,3,257
9,3,724
9,3,8338
9,3,8436
9,3,8467
9,3,8468
9,3,8482
9,3,8483
9,3,2857
9,3,8545
9,3,8546
9,3,8547
9,3,8548
9,3,8549
9,3,8550
9,3,8551
9,3,3396
9,3,2214
9,3,236
9,3,39
9,3,1645
9,3,8003
9,3,8279
9,3,5688
9,3,3651
9,3,8636
9,3,371
9,3,546
9,3,5154
9,3,10
9,3,135
9,3,8690
9,3,2139
9,3,764
9,3,8416
9,3,8740
9,3,907
9,3,8805
9,3,177
9,3,206
9,3,610
9,3,8881
9,3,2437
9,3,8895
9,3,8896
9,3,8897
9,3,6008
9,3,294
9,3,1548
9,3,9080
9,3,9090
756,3,6100
756,3,7
756,3,777
756,3,34
756,3,756
756,3,5320
756,3,4386
1109,3,7671
1109,3,7672
1109,3,7673
1109,3,7674
1109,3,7675
7671,3,7672
7671,3,7673
7671,3,7674
7671,3,7675
7672,3,7673
7672,3,7674
7672,3,7675
7673,3,7674
7673,3,7675
7674,3,7675
7677,3,900
7677,3,34
7677,3,8277
7677,3,177
7677,3,103
7677,3,3752
900,3,8061
900,3,777
900,3,7087
177,3,331
177,3,777
177,3,32
177,3,144
177,3,177
177,3,8277
177,3,103
177,3,206
331,3,777
331,3,32
331,3,144
777,3,32
777,3,144
777,3,777
777,3,7
777,3,225
777,3,34
777,3,8061
777,3,7087
777,3,945
777,3,8553
777,3,5154
777,3,10
777,3,724
777,3,1155
777,3,22
777,3,71
32,3,144
32,3,2913
32,3,724
32,3,1325
32,3,6343
32,3,32
32,3,353
32,3,7875
32,3,2892
32,3,412
32,3,3137
32,3,918
32,3,530
32,3,821
32,3,261
32,3,2373
32,3,8629
32,3,8630
32,3,11
32,3,3651
32,3,8636
32,3,371
32,3,546
32,3,7
7704,3,1873
217,3,1645
217,3,8003
217,3,8279
217,3,5688
7708,3,2102
2102,3,8600
7719,3,729
729,3,17
729,3,855
729,3,6131
2913,3,724
724,3,257
724,3,5154
724,3,10
724,3,1155
724,3,599
724,3,546
7725,3,1735
7726,3,109
109,3,5823
7728,3,1325
7728,3,8185
1325,3,6343
1325,3,2001
1325,3,8407
21,3,7
21,3,7877
21,3,7878
21,3,1659
21,3,567
21,3,8492
21,3,8493
21,3,323
7,3,7
7,3,95
7,3,4378
7,3,3583
7,3,5320
7,3,4386
7,3,8345
7,3,47
7,3,8464
7,3,8057
7,3,2373
7,3,7845
7,3,34
7648,3,3958
7648,3,8122
3958,3,212
7578,3,1180
1180,3,641
1180,3,8280
7773,3,1836
1473,3,567
567,3,7998
567,3,5159
567,3,567
567,3,8492
567,3,8493
567,3,8537
567,3,8538
567,3,8539
2697,3,7777
7791,3,7792
7810,3,7811
7811,3,1242
71,3,71
71,3,7682
71,3,22
180,3,8036
180,3,824
180,3,5739
180,3,180
180,3,135
7824,3,598
47,3,514
34,3,34
34,3,2373
34,3,7845
34,3,67
7848,3,353
7848,3,7848
7848,3,7849
7848,3,8230
353,3,7849
353,3,7875
353,3,2892
267,3,3004
267,3,267
7875,3,2892
7877,3,7878
323,3,261
323,3,279
323,3,4422
323,3,562
323,3,8617
323,3,323
323,3,8855
323,3,8856
7889,3,11
11,3,8629
11,3,8630
11,3,8946
7895,3,589
48,3,350
48,3,8343
48,3,907
48,3,8805
48,3,8867
48,3,8868
48,3,326
48,3,83
258,3,258
7926,3,7823
412,3,3137
412,3,412
412,3,918
412,3,8210
3137,3,918
279,3,4422
279,3,562
4422,3,562
621,3,6551
7972,3,7973
327,3,7989
7995,3,3146
7995,3,7996
3146,3,7996
8004,3,8005
8004,3,8006
8004,3,8007
8005,3,8006
8005,3,8007
8006,3,8007
8028,3,8029
8036,3,8036
8036,3,824
8036,3,5739
8039,3,8040
8061,3,7087
8097,3,6057
8097,3,8098
8097,3,8097
8097,3,8099
6057,3,8098
6057,3,8099
8098,3,8099
5320,3,4386
8135,3,8136
8135,3,8137
8135,3,8138
8135,3,8139
8136,3,8137
8136,3,8138
8136,3,8139
8137,3,8138
8137,3,8139
8138,3,8139
8156,3,8157
8156,3,8158
8157,3,8158
530,3,821
1155,3,8178
1155,3,2268
4830,3,8203
4830,3,444
4830,3,8779
4830,3,8780
4830,3,666
8203,3,444
8205,3,814
8239,3,8240
8241,3,1628
8241,3,8241
1032,3,8254
8260,3,8261
8260,3,8262
8260,3,8263
8261,3,8262
8261,3,8263
8262,3,8263
8277,3,103
824,3,5739
641,3,641
641,3,8280
6545,3,6545
42,3,42
8294,3,8295
5070,3,5351
8310,3,5222
8315,3,8316
8321,3,8321
257,3,8545
257,3,8546
257,3,8547
257,3,8548
257,3,8549
257,3,8550
257,3,8551
8329,3,8330
2047,3,5780
855,3,6131
201,3,7682
201,3,8379
7682,3,8379
7682,3,7682
8383,3,167
8383,3,2729
167,3,2729
5351,3,8708
2001,3,8407
8415,3,8416
8423,3,8424
5319,3,22
5319,3,5319
22,3,22
8449,3,4043
8449,3,6981
4043,3,6981
6981,3,6981
8456,3,8457
2457,3,7919
8467,3,8468
2161,3,966
2161,3,1505
2161,3,2161
2161,3,8472
966,3,1505
966,3,8472
1505,3,8472
8482,3,8483
3315,3,8489
3315,3,546
8489,3,546
546,3,870
546,3,371
546,3,9083
546,3,599
8492,3,8493
2373,3,2373
2373,3,7845
8537,3,8538
8537,3,8539
8538,3,8539
8545,3,8546
8545,3,8547
8545,3,8548
8545,3,8549
8545,3,8550
8545,3,8551
8546,3,8547
8546,3,8548
8546,3,8549
8546,3,8550
8546,3,8551
8547,3,8548
8547,3,8549
8547,3,8550
8547,3,8551
8548,3,8549
8548,3,8550
8548,3,8551
8549,3,8550
8549,3,8551
8550,3,8551
945,3,8553
7564,3,8573
7564,3,8574
8573,3,8574
3710,3,8575
931,3,931
2570,3,5439
2570,3,2570
5439,3,5439
8594,3,8595
896,3,8604
3396,3,2214
3396,3,236
3396,3,39
2214,3,236
2214,3,39
236,3,39
236,3,8748
39,3,3255
39,3,4812
39,3,7427
39,3,599
1645,3,8003
1645,3,8279
1645,3,5688
8003,3,8279
8003,3,5688
8279,3,5688
8622,3,8623
8622,3,4190
8623,3,4190
8629,3,8630
3651,3,8636
371,3,8881
371,3,2437
371,3,371
8653,3,2231
5154,3,10
8665,3,8666
8672,3,8673
8672,3,5548
8672,3,8674
8673,3,5548
8673,3,8674
5548,3,8674
8690,3,2139
8692,3,8693
8696,3,8697
8696,3,8698
8697,3,8698
8141,3,8141
6176,3,8716
8754,3,8755
8754,3,8756
8755,3,8756
8758,3,1559
8762,3,8763
8764,3,8765
8767,3,255
8767,3,122
255,3,122
8779,3,8780
8779,3,666
8779,3,8779
8780,3,666
8788,3,2591
8789,3,8790
8790,3,8790
8792,3,7555
3342,3,8798
3342,3,8799
8798,3,8799
8801,3,8802
907,3,8805
5482,3,8834
8855,3,8856
8867,3,8868
8867,3,326
8867,3,83
8868,3,326
8868,3,83
326,3,83
8881,3,2437
8895,3,8896
8895,3,8897
8895,3,6008
8896,3,8897
8896,3,6008
8897,3,6008
8898,3,2090
3255,3,4812
3255,3,7427
3255,3,599
4812,3,7427
4812,3,599
7427,3,599
2461,3,286
8951,3,8951
8951,3,166
8953,3,8954
8953,3,8955
8953,3,8956
8954,3,8955
8954,3,8956
8955,3,8956
8962,3,8963
8962,3,8964
8963,3,8964
8968,3,8576
8984,3,5381
9006,3,9007
9010,3,4878
9010,3,9011
4878,3,9011
1989,3,9022
1989,3,9023
1989,3,9024
1989,3,9025
1989,3,9026
1989,3,9027
1989,3,651
1989,3,9028
9022,3,9023
9022,3,9024
9022,3,9025
9022,3,9026
9022,3,9027
9022,3,651
9022,3,9028
9023,3,9024
9023,3,9025
9023,3,9026
9023,3,9027
9023,3,651
9023,3,9028
9024,3,9025
9024,3,9026
9024,3,9027
9024,3,651
9024,3,9028
9025,3,9026
9025,3,9027
9025,3,651
9025,3,9028
9026,3,9027
9026,3,651
9026,3,9028
9027,3,651
9027,3,9028
651,3,9028
1444,3,3390
703,3,1435
637,3,9060
1425,3,9062
9069,3,9070
9069,3,9069
9069,3,9071
9069,3,9072
9069,3,9073
9070,3,9071
9070,3,9072
9070,3,9073
9071,3,9072
9071,3,9073
9072,3,9073
1548,3,9080
9106,3,9106
7556,4,546
546,4,23
546,4,9
546,4,546
546,4,32
546,4,8298
546,4,2892
724,4,724
724,4,9
724,4,7853
724,4,23
724,4,7854
724,4,7855
724,4,8
724,4,8077
724,4,8078
724,4,8079
724,4,966
724,4,73
724,4,32
724,4,8163
724,4,13
724,4,777
724,4,4747
724,4,47
724,4,8501
724,4,180
724,4,530
724,4,934
724,4,144
724,4,610
724,4,2913
724,4,824
724,4,5482
724,4,39
724,4,5351
23,4,9
23,4,73
23,4,7763
23,4,7853
23,4,7854
23,4,23
23,4,7855
23,4,8
23,4,32
23,4,8298
23,4,2892
23,4,1016
23,4,966
23,4,47
23,4,8501
23,4,180
23,4,530
23,4,934
23,4,144
23,4,610
23,4,2913
23,4,824
23,4,5482
23,4,5319
23,4,5320
23,4,22
23,4,7
23,4,8766
23,4,4198
23,4,2090
23,4,3919
23,4,8993
23,4,7494
9,4,3801
9,4,9
9,4,5053
9,4,7666
9,4,2223
9,4,7798
9,4,7674
9,4,7853
9,4,7854
9,4,7855
9,4,8
9,4,34
9,4,8062
9,4,13
9,4,8063
9,4,8064
9,4,8077
9,4,8078
9,4,8079
9,4,21
9,4,243
9,4,8124
9,4,7
9,4,8219
9,4,1473
9,4,8220
9,4,8221
9,4,253
9,4,254
9,4,1177
9,4,599
9,4,1227
9,4,5079
9,4,934
9,4,8341
9,4,353
9,4,8353
9,4,966
9,4,8444
9,4,8485
9,4,1559
9,4,777
9,4,296
9,4,161
9,4,8784
9,4,3137
9,4,8785
9,4,8853
9,4,39
9,4,8928
9,4,42
9,4,5351
371,4,465
371,4,934
371,4,8191
465,4,934
934,4,8341
934,4,934
934,4,353
934,4,47
934,4,8501
934,4,180
934,4,530
934,4,144
934,4,610
934,4,8
934,4,2913
934,4,824
934,4,5482
934,4,8853
3958,4,7611
3958,4,1996
3958,4,167
7611,4,1996
6121,4,7
7,4,13
7,4,8219
7,4,1473
7,4,8220
7,4,8221
7,4,253
7,4,7
7,4,254
7,4,1177
7,4,1325
7,4,22
7,4,5319
7636,4,788
2055,4,2055
2055,4,1072
2055,4,58
1072,4,1072
1072,4,58
58,4,58
7639,4,7640
5053,4,7666
966,4,5566
966,4,397
966,4,966
966,4,73
966,4,1016
966,4,8784
966,4,3137
966,4,8785
5566,4,397
1016,4,7697
1016,4,1016
1016,4,73
1016,4,22
7698,4,3786
7700,4,7701
7700,4,7702
7701,4,7702
5483,4,7713
5483,4,7714
7713,4,7714
7716,4,42
42,4,42
73,4,73
73,4,7763
73,4,22
73,4,8515
73,4,243
73,4,7883
73,4,8687
73,4,310
7770,4,7771
7674,4,71
7674,4,6831
7674,4,7401
7853,4,7854
7853,4,7855
7853,4,8
7854,4,7855
7854,4,8
7855,4,8
8,4,47
8,4,8501
8,4,180
8,4,530
8,4,144
8,4,610
8,4,2913
8,4,824
8,4,5482
8,4,8
8,4,13
7759,4,7862
1595,4,96
821,4,13
821,4,821
13,4,34
13,4,8062
13,4,8063
13,4,8064
13,4,13
13,4,777
13,4,5351
13,4,8219
13,4,1473
13,4,8220
13,4,8221
13,4,253
13,4,254
13,4,1177
13,4,8353
13,4,8279
13,4,8508
13,4,8509
13,4,1559
13,4,931
13,4,258
13,4,8806
172,4,7874
1277,4,3227
8051,4,8052
34,4,8062
34,4,8063
34,4,8064
8062,4,8063
8062,4,8064
8063,4,8064
71,4,6831
71,4,7401
71,4,255
71,4,135
6831,4,7401
8077,4,8078
8077,4,8079
8078,4,8079
8090,4,32
32,4,8163
32,4,8298
32,4,2892
32,4,5743
32,4,8766
32,4,4198
32,4,2090
32,4,3919
32,4,5319
602,4,602
243,4,8124
243,4,7883
125,4,36
475,4,8133
310,4,1325
1325,4,1634
1325,4,913
167,4,1438
8191,4,760
350,4,350
5351,4,39
8199,4,8200
8199,4,2207
8199,4,8201
8200,4,2207
8200,4,8201
2207,4,8201
8219,4,1473
8219,4,8220
8219,4,8221
8219,4,253
8219,4,254
8219,4,1177
1473,4,8220
1473,4,8221
1473,4,253
1473,4,254
1473,4,1177
8220,4,8221
8220,4,253
8220,4,254
8220,4,1177
8221,4,253
8221,4,254
8221,4,1177
253,4,254
253,4,1177
254,4,1177
2130,4,2130
2130,4,8236
2130,4,8237
2130,4,103
8236,4,8237
8236,4,103
8237,4,103
8251,4,8251
3396,4,1180
1180,4,8398
1634,4,2759
1634,4,913
5079,4,5079
5079,4,1408
5079,4,2847
8298,4,2892
694,4,8311
694,4,2415
694,4,1788
8311,4,2415
8311,4,1788
2415,4,1788
8341,4,353
8401,4,161
2591,4,5725
8417,4,8418
8417,4,8419
8417,4,8420
8417,4,8421
8418,4,8418
8418,4,8419
8418,4,8420
8418,4,8421
8419,4,8420
8419,4,8421
8420,4,8421
4747,4,4747
2352,4,11
8451,4,506
8451,4,8451
8451,4,8452
506,4,8452
8452,4,8452
22,4,5319
22,4,5320
568,4,423
568,4,2231
423,4,2231
255,4,135
47,4,8501
47,4,180
47,4,530
47,4,144
47,4,610
47,4,2913
47,4,824
47,4,5482
47,4,47
8501,4,180
8501,4,530
8501,4,144
8501,4,610
8501,4,2913
8501,4,824
8501,4,5482
180,4,530
180,4,144
180,4,610
180,4,2913
180,4,824
180,4,5482
530,4,144
530,4,610
530,4,2913
530,4,824
530,4,5482
144,4,610
144,4,2913
144,4,824
144,4,5482
144,4,177
610,4,2913
610,4,824
610,4,5482
2913,4,824
2913,4,5482
824,4,5482
8279,4,8508
8279,4,8509
8508,4,8509
8510,4,8511
8510,4,8512
8511,4,8512
1559,4,501
1559,4,9097
4764,4,8561
4764,4,6487
8561,4,6487
5319,4,5320
5319,4,5319
5319,4,8766
5319,4,4198
5319,4,2090
5319,4,3919
5320,4,5320
8596,4,8597
8619,4,4360
8675,4,8676
8675,4,8677
8676,4,8677
8704,4,8705
8704,4,8706
8705,4,8706
323,4,323
323,4,7474
323,4,8188
323,4,756
1408,4,2847
8739,4,751
8766,4,4198
8766,4,2090
8766,4,3919
4198,4,2090
4198,4,3919
2090,4,3919
8784,4,3137
8784,4,8785
3137,4,8785
258,4,8806
8807,4,5225
651,4,8818
8838,4,8838
618,4,39
618,4,2402
618,4,24
618,4,2481
618,4,8849
39,4,2402
39,4,24
39,4,2481
39,4,8849
2402,4,24
2402,4,2481
2402,4,8849
24,4,2481
24,4,8849
2481,4,8849
8947,4,8948
8948,4,8948
8993,4,7494
756,4,756
9002,4,5425
9029,4,9030
136,4,2401
136,4,9051
2401,4,9051
4614,4,527
777,5,9
777,5,47
777,5,7
9,5,47
9,5,7
9,5,8869
9,5,7607
9,5,4068
560,5,8050
47,5,7
2507,5,8211
2507,5,5079
8211,5,5079
8394,5,73
8394,5,8395
73,5,8395
3358,5,8437
7607,5,4068
