11,0,73
11,0,42
11,0,294
11,0,9
11,0,1634
11,0,983
11,0,194
11,0,3509
11,0,729
11,0,153
11,0,21
11,0,161
11,0,1830
11,0,1425
11,0,978
11,0,48
11,0,20
11,0,4688
11,0,13
11,0,1546
73,0,243
73,0,3263
73,0,21
73,0,687
73,0,4322
73,0,1676
73,0,4468
73,0,724
73,0,60
73,0,76
73,0,4913
73,0,2455
9,0,2739
9,0,27
9,0,21
9,0,2826
9,0,13
9,0,243
9,0,23
9,0,3004
9,0,2420
9,0,590
9,0,9
9,0,58
9,0,3075
9,0,724
9,0,3076
9,0,3206
9,0,580
9,0,3315
9,0,248
9,0,3316
9,0,3369
9,0,2744
9,0,1255
9,0,666
9,0,39
9,0,1096
9,0,96
9,0,3664
9,0,350
9,0,3787
9,0,64
9,0,966
9,0,3912
9,0,3936
9,0,48
9,0,20
9,0,687
9,0,4187
9,0,4210
9,0,530
9,0,2982
9,0,949
9,0,2930
9,0,98
9,0,32
9,0,1386
9,0,212
9,0,4688
9,0,4757
9,0,153
9,0,4963
9,0,394
9,0,934
9,0,296
2739,0,27
27,0,27
2744,0,109
2744,0,3091
2744,0,1255
2764,0,2764
568,0,568
568,0,3054
568,0,3055
568,0,2742
7,0,777
7,0,13
7,0,34
7,0,900
777,0,872
777,0,1227
21,0,2826
21,0,21
21,0,32
21,0,3075
21,0,13
21,0,724
21,0,3076
21,0,3592
21,0,3593
21,0,3688
21,0,3787
21,0,3848
21,0,169
21,0,58
21,0,48
21,0,2831
21,0,1227
21,0,4098
21,0,4139
21,0,2800
21,0,64
21,0,687
21,0,3153
21,0,4200
21,0,4201
21,0,4202
21,0,530
21,0,1238
21,0,1546
21,0,108
21,0,2420
21,0,4757
21,0,1106
21,0,30
21,0,2957
21,0,1169
21,0,38
21,0,5004
21,0,764
21,0,1149
42,0,42
2895,0,2231
13,0,2907
13,0,2986
13,0,153
13,0,3075
13,0,724
13,0,13
13,0,3076
13,0,3206
13,0,58
13,0,4098
13,0,4139
13,0,2800
13,0,64
13,0,687
13,0,30
13,0,3153
13,0,4200
13,0,4201
13,0,4202
13,0,4210
13,0,4257
13,0,4258
13,0,1238
13,0,34
13,0,900
13,0,1386
13,0,2759
13,0,973
13,0,983
13,0,71
13,0,409
13,0,1546
13,0,4963
13,0,394
931,0,913
913,0,913
2759,0,2264
2759,0,2957
2759,0,2759
2759,0,2982
2759,0,2742
2759,0,3663
2759,0,412
2759,0,687
2759,0,1806
2264,0,2957
2957,0,30
2957,0,1169
2957,0,38
2983,0,2984
2983,0,2985
2984,0,2985
243,0,23
23,0,662
23,0,4796
23,0,1256
23,0,44
23,0,2373
23,0,32
3004,0,2420
3004,0,590
2420,0,590
2420,0,4757
153,0,1634
153,0,983
153,0,194
153,0,3509
153,0,729
153,0,3835
2799,0,350
350,0,3857
350,0,3858
350,0,3859
350,0,3860
350,0,212
3054,0,3055
3054,0,2742
3055,0,2742
2742,0,3663
2742,0,150
294,0,573
294,0,1129
32,0,98
32,0,4796
32,0,1256
32,0,44
32,0,2373
3075,0,724
3075,0,3076
724,0,724
724,0,3076
724,0,4468
1671,0,3128
3162,0,3163
3193,0,248
3193,0,48
3193,0,864
248,0,3315
248,0,3316
248,0,3033
248,0,4380
3275,0,3276
3089,0,3089
3315,0,3316
3369,0,3369
666,0,180
666,0,3719
666,0,3720
666,0,2913
39,0,1096
39,0,96
1096,0,96
1634,0,983
1634,0,194
1634,0,3509
1634,0,729
1634,0,3676
1634,0,3675
1634,0,3677
983,0,194
983,0,3509
983,0,729
983,0,48
983,0,1227
194,0,3509
194,0,729
3509,0,729
1402,0,3518
3522,0,3523
180,0,343
180,0,3719
180,0,3720
180,0,2913
180,0,4530
180,0,4531
3375,0,3562
3375,0,71
3562,0,71
71,0,71
3592,0,3593
3602,0,3603
3634,0,3635
261,0,2649
261,0,3644
2649,0,3644
3664,0,4888
3676,0,3675
3676,0,3677
3675,0,3677
3719,0,3720
3719,0,2913
3720,0,2913
48,0,864
48,0,356
48,0,1227
864,0,284
864,0,2611
412,0,687
687,0,934
3848,0,3848
3857,0,3858
3857,0,3859
3857,0,3860
3858,0,3859
3858,0,3860
3859,0,3860
1425,0,978
64,0,4139
64,0,2800
64,0,4988
64,0,4989
966,0,4063
662,0,662
3981,0,3982
4000,0,432
4139,0,2800
2800,0,764
2800,0,1149
4176,0,1396
30,0,1169
30,0,38
3153,0,4200
3153,0,4201
3153,0,4202
4200,0,4201
4200,0,4202
4201,0,4202
4213,0,4214
4225,0,83
1899,0,3008
1899,0,4231
1899,0,1899
3008,0,4231
4257,0,4258
4307,0,4308
4307,0,1046
4307,0,4309
4307,0,4310
4308,0,1046
4308,0,4309
4308,0,4310
1046,0,4309
1046,0,4310
4309,0,4310
3033,0,4380
371,0,371
371,0,4702
371,0,3379
371,0,67
34,0,900
34,0,3831
4530,0,4531
4593,0,4594
4445,0,4601
4622,0,4623
1628,0,3003
36,0,36
3379,0,67
4796,0,1256
4796,0,44
4796,0,2373
4796,0,4796
1256,0,44
1256,0,1256
1256,0,2373
44,0,2373
4823,0,4823
1169,0,38
38,0,38
38,0,17
38,0,4927
38,0,506
3278,0,362
76,0,4913
17,0,4927
284,0,2611
4963,0,394
4988,0,4989
5042,0,5043
764,0,1149
2725,1,536
536,1,2023
536,1,21
536,1,607
536,1,9
536,1,13
536,1,2732
536,1,236
536,1,4739
536,1,4740
536,1,4388
9,1,13
9,1,9
9,1,180
9,1,2729
9,1,47
9,1,2732
9,1,304
9,1,765
9,1,2733
9,1,64
9,1,2734
9,1,21
9,1,2737
9,1,409
9,1,11
9,1,687
9,1,2751
9,1,153
9,1,2763
9,1,76
9,1,2768
9,1,350
9,1,480
9,1,2778
9,1,145
9,1,48
9,1,2787
9,1,2788
9,1,777
9,1,724
9,1,2802
9,1,2803
9,1,1655
9,1,2811
9,1,2812
9,1,2814
9,1,32
9,1,192
9,1,2799
9,1,1227
9,1,2824
9,1,371
9,1,2832
9,1,581
9,1,347
9,1,1698
9,1,635
9,1,624
9,1,2840
9,1,2843
9,1,574
9,1,2849
9,1,294
9,1,34
9,1,2207
9,1,2861
9,1,2875
9,1,96
9,1,2882
9,1,1046
9,1,2886
9,1,2887
9,1,216
9,1,2888
9,1,619
9,1,2906
9,1,495
9,1,177
9,1,2927
9,1,73
9,1,98
9,1,2949
9,1,2967
9,1,534
9,1,1546
9,1,2971
9,1,2972
9,1,844
9,1,1155
9,1,2781
9,1,8
9,1,1431
9,1,2978
9,1,2979
9,1,764
9,1,83
9,1,2991
9,1,261
9,1,141
9,1,2997
9,1,243
9,1,3001
9,1,3002
9,1,3009
9,1,3018
9,1,3019
9,1,3036
9,1,57
9,1,3038
9,1,3039
9,1,756
9,1,7
9,1,310
9,1,983
9,1,2401
9,1,28
9,1,3065
9,1,1332
9,1,3071
9,1,296
9,1,30
9,1,3079
9,1,2329
9,1,3093
9,1,3096
9,1,36
9,1,3099
9,1,2928
9,1,3075
9,1,236
9,1,3127
9,1,134
9,1,3132
9,1,3140
9,1,3141
9,1,3142
9,1,217
9,1,3152
9,1,212
9,1,1988
9,1,3170
9,1,3171
9,1,144
9,1,3175
9,1,3176
9,1,3178
9,1,3187
9,1,3195
9,1,3198
9,1,3199
9,1,3220
9,1,3224
9,1,3231
9,1,3232
9,1,3234
9,1,3235
9,1,1595
9,1,3245
9,1,3091
9,1,3246
9,1,3254
9,1,71
9,1,2800
9,1,1755
9,1,734
9,1,958
9,1,2055
9,1,421
9,1,1152
9,1,3263
9,1,323
9,1,3292
9,1,3293
9,1,3294
9,1,3297
9,1,1377
9,1,966
9,1,3311
9,1,580
9,1,194
9,1,3325
9,1,3328
9,1,3334
9,1,168
9,1,2235
9,1,3344
9,1,3353
9,1,3355
9,1,3356
9,1,3357
9,1,135
9,1,213
9,1,3378
9,1,3379
9,1,3381
9,1,58
9,1,3382
9,1,3384
9,1,23
9,1,139
9,1,3393
9,1,346
9,1,3408
9,1,3409
9,1,2215
9,1,3413
9,1,3415
9,1,401
9,1,3428
9,1,3433
9,1,225
9,1,3435
9,1,3444
9,1,3446
9,1,3455
9,1,546
9,1,599
9,1,343
9,1,3470
9,1,3134
9,1,3471
9,1,170
9,1,364
9,1,2759
9,1,3490
9,1,2023
9,1,2954
9,1,3214
9,1,3556
9,1,1044
9,1,3563
9,1,3572
9,1,3576
9,1,1454
9,1,3579
9,1,2838
9,1,2839
9,1,3594
9,1,3621
9,1,3626
9,1,934
9,1,2231
9,1,3003
9,1,3665
9,1,3669
9,1,3670
9,1,3671
9,1,3678
9,1,3101
9,1,3682
9,1,61
9,1,2744
9,1,470
9,1,3702
9,1,3745
9,1,3324
9,1,1169
9,1,3302
9,1,3756
9,1,3763
9,1,3767
9,1,1671
9,1,913
9,1,3777
9,1,1205
9,1,3783
9,1,1390
9,1,3794
9,1,3795
9,1,39
9,1,3821
9,1,618
9,1,412
9,1,3842
9,1,3843
9,1,1296
9,1,3876
9,1,1129
9,1,1096
9,1,3899
9,1,3008
9,1,3913
9,1,232
9,1,2726
9,1,3915
9,1,3916
9,1,3917
9,1,3918
9,1,1467
9,1,3922
9,1,22
9,1,3923
9,1,326
9,1,3951
9,1,3958
9,1,161
9,1,3962
9,1,666
9,1,2761
9,1,3986
9,1,1483
9,1,2437
9,1,1037
9,1,1606
9,1,2753
9,1,4036
9,1,2821
9,1,4067
9,1,614
9,1,610
9,1,3657
9,1,3573
9,1,4091
9,1,1325
9,1,4095
9,1,4096
9,1,4099
9,1,1628
9,1,2676
9,1,4111
9,1,4117
9,1,4135
9,1,451
9,1,2388
9,1,3089
9,1,4174
9,1,2420
9,1,394
9,1,4186
9,1,4191
9,1,286
9,1,389
9,1,4215
9,1,906
9,1,4216
9,1,784
9,1,3906
9,1,2649
9,1,4226
9,1,4232
9,1,2455
9,1,4238
9,1,2959
9,1,4239
9,1,4250
9,1,4251
9,1,4253
9,1,4254
9,1,4255
9,1,4260
9,1,4269
9,1,4270
9,1,4274
9,1,4285
9,1,746
9,1,4287
9,1,1149
9,1,4302
9,1,4303
9,1,2161
9,1,894
9,1,3517
9,1,4334
9,1,4359
9,1,4360
9,1,4362
9,1,4366
9,1,4368
9,1,4369
9,1,4376
9,1,4391
9,1,4412
9,1,4413
9,1,4414
9,1,4415
9,1,4416
9,1,4417
9,1,4419
9,1,864
9,1,4428
9,1,900
9,1,4433
9,1,4434
9,1,4443
9,1,4449
9,1,4466
9,1,4478
9,1,4494
9,1,2591
9,1,4503
9,1,1800
9,1,1045
9,1,4512
9,1,4514
9,1,1084
9,1,3066
9,1,729
9,1,4521
9,1,4522
9,1,3331
9,1,2088
9,1,4534
9,1,248
9,1,4539
9,1,4543
9,1,4550
9,1,265
9,1,4576
9,1,3094
9,1,4602
9,1,1224
9,1,4603
9,1,4611
9,1,1488
9,1,4630
9,1,4632
9,1,109
9,1,2452
9,1,4641
9,1,3939
9,1,4665
9,1,4666
9,1,4667
9,1,623
9,1,94
9,1,3797
9,1,4668
9,1,4669
9,1,4673
9,1,4677
9,1,4681
9,1,3847
9,1,60
9,1,4709
9,1,42
9,1,4717
9,1,2130
9,1,281
9,1,4721
9,1,1294
9,1,4726
9,1,4729
9,1,4743
9,1,3921
9,1,4763
9,1,4767
9,1,4768
9,1,4782
9,1,4783
9,1,308
9,1,957
9,1,4786
9,1,4804
9,1,4820
9,1,4830
9,1,4831
9,1,4832
9,1,4838
9,1,4839
9,1,4187
9,1,4840
9,1,4844
9,1,3940
9,1,465
9,1,4875
9,1,4876
9,1,4877
9,1,4900
9,1,3716
9,1,4921
9,1,4922
9,1,4924
9,1,3822
9,1,4930
9,1,4932
9,1,4936
9,1,4940
9,1,1109
9,1,4954
9,1,4961
9,1,2805
9,1,4973
9,1,4975
9,1,4976
9,1,4982
9,1,4985
9,1,5017
9,1,3015
9,1,5018
9,1,5033
9,1,5034
9,1,1032
9,1,5037
9,1,5038
9,1,3129
9,1,5052
9,1,5060
9,1,1497
9,1,5064
9,1,5071
9,1,5072
9,1,3213
9,1,5073
9,1,5078
9,1,5084
9,1,5085
9,1,589
9,1,4999
9,1,5097
9,1,2966
9,1,1572
9,1,5099
9,1,5102
9,1,5110
9,1,539
9,1,2188
9,1,158
9,1,1347
9,1,397
9,1,5142
13,1,21
13,1,296
13,1,687
13,1,13
13,1,2388
13,1,28
13,1,2772
13,1,1655
13,1,2811
13,1,71
13,1,2676
13,1,1227
13,1,534
13,1,777
13,1,2831
13,1,724
13,1,11
13,1,64
13,1,2874
13,1,2759
13,1,2920
13,1,2928
13,1,580
13,1,153
13,1,2329
13,1,73
13,1,44
13,1,2968
13,1,8
13,1,1698
13,1,1431
13,1,764
13,1,2991
13,1,212
13,1,3003
13,1,155
13,1,30
13,1,3044
13,1,139
13,1,243
13,1,67
13,1,3086
13,1,3087
13,1,3093
13,1,1634
13,1,48
13,1,409
13,1,3143
13,1,966
13,1,599
13,1,134
13,1,3136
13,1,3209
13,1,38
13,1,1473
13,1,598
13,1,3220
13,1,144
13,1,36
13,1,1671
13,1,3292
13,1,3293
13,1,3294
13,1,1800
13,1,294
13,1,3314
13,1,350
13,1,3370
13,1,3371
13,1,3384
13,1,23
13,1,480
13,1,3398
13,1,3402
13,1,568
13,1,3426
13,1,581
13,1,3458
13,1,32
13,1,34
13,1,2800
13,1,170
13,1,58
13,1,3481
13,1,3482
13,1,3483
13,1,3488
13,1,3299
13,1,3499
13,1,83
13,1,177
13,1,261
13,1,3549
13,1,1381
13,1,3577
13,1,57
13,1,983
13,1,323
13,1,3690
13,1,773
13,1,2940
13,1,470
13,1,3702
13,1,494
13,1,3776
13,1,1296
13,1,1205
13,1,3791
13,1,2599
13,1,2584
13,1,3833
13,1,161
13,1,3868
13,1,3873
13,1,3874
13,1,3875
13,1,3884
13,1,371
13,1,213
13,1,3916
13,1,3917
13,1,3918
13,1,1467
13,1,22
13,1,7
13,1,3923
13,1,3968
13,1,3986
13,1,4018
13,1,4025
13,1,4026
13,1,3060
13,1,2821
13,1,1546
13,1,2849
13,1,3657
13,1,864
13,1,4090
13,1,4099
13,1,1628
13,1,2510
13,1,4119
13,1,76
13,1,286
13,1,347
13,1,4203
13,1,258
13,1,2023
13,1,3033
13,1,39
13,1,180
13,1,894
13,1,4330
13,1,3174
13,1,4366
13,1,958
13,1,900
13,1,666
13,1,4443
13,1,4464
13,1,4489
13,1,4503
13,1,309
13,1,4517
13,1,225
13,1,4572
13,1,4573
13,1,4574
13,1,3094
13,1,4597
13,1,729
13,1,1488
13,1,4634
13,1,2452
13,1,2753
13,1,4649
13,1,3939
13,1,4667
13,1,60
13,1,1294
13,1,4726
13,1,4728
13,1,1690
13,1,3822
13,1,2124
13,1,4655
13,1,3201
13,1,2102
13,1,70
13,1,1046
13,1,217
13,1,4844
13,1,2761
13,1,913
13,1,2986
13,1,111
13,1,4917
13,1,4923
13,1,4924
13,1,4930
13,1,2742
13,1,4954
13,1,4958
13,1,4959
13,1,1368
13,1,4997
13,1,5017
13,1,3015
13,1,5018
13,1,364
13,1,1669
13,1,168
13,1,1497
13,1,4907
13,1,1454
13,1,5107
13,1,539
180,1,2729
180,1,47
180,1,73
180,1,23
180,1,180
180,1,371
180,1,546
180,1,724
180,1,8
180,1,599
180,1,7
180,1,343
180,1,135
180,1,966
180,1,39
180,1,243
180,1,4642
180,1,623
180,1,465
180,1,96
180,1,4893
180,1,4894
180,1,934
180,1,27
2729,1,47
47,1,2845
47,1,966
2730,1,2731
2732,1,304
2732,1,765
2732,1,2750
2732,1,236
304,1,765
304,1,2750
304,1,4075
304,1,4076
304,1,2023
304,1,4297
304,1,167
765,1,2901
764,1,21
764,1,958
764,1,11
764,1,73
764,1,364
764,1,294
764,1,1467
764,1,1546
764,1,1321
21,1,2287
21,1,296
21,1,64
21,1,20
21,1,2768
21,1,36
21,1,2785
21,1,2827
21,1,581
21,1,2833
21,1,2840
21,1,21
21,1,958
21,1,2852
21,1,71
21,1,73
21,1,2862
21,1,2870
21,1,32
21,1,2849
21,1,2889
21,1,412
21,1,2896
21,1,8
21,1,350
21,1,2920
21,1,2940
21,1,1546
21,1,2971
21,1,2972
21,1,844
21,1,11
21,1,1698
21,1,1431
21,1,2761
21,1,34
21,1,2991
21,1,2992
21,1,2993
21,1,947
21,1,3040
21,1,1227
21,1,777
21,1,983
21,1,28
21,1,3003
21,1,3071
21,1,498
21,1,3074
21,1,3080
21,1,3081
21,1,3082
21,1,864
21,1,3092
21,1,2928
21,1,3075
21,1,236
21,1,3133
21,1,48
21,1,212
21,1,101
21,1,1988
21,1,177
21,1,2023
21,1,2755
21,1,3174
21,1,687
21,1,3249
21,1,1390
21,1,2800
21,1,2420
21,1,1634
21,1,3279
21,1,966
21,1,3305
21,1,3306
21,1,3310
21,1,23
21,1,2329
21,1,3349
21,1,3351
21,1,3352
21,1,3354
21,1,3363
21,1,2923
21,1,139
21,1,3393
21,1,168
21,1,2982
21,1,3446
21,1,3461
21,1,364
21,1,3475
21,1,3033
21,1,3476
21,1,3480
21,1,3488
21,1,261
21,1,3556
21,1,3579
21,1,213
21,1,3595
21,1,1037
21,1,3596
21,1,3597
21,1,3621
21,1,3626
21,1,934
21,1,3640
21,1,2954
21,1,3143
21,1,3669
21,1,3670
21,1,371
21,1,623
21,1,3733
21,1,3734
21,1,38
21,1,3735
21,1,3736
21,1,3738
21,1,494
21,1,3776
21,1,1296
21,1,3153
21,1,900
21,1,346
21,1,3851
21,1,3868
21,1,3885
21,1,2759
21,1,568
21,1,3904
21,1,3909
21,1,3921
21,1,3322
21,1,3945
21,1,3946
21,1,3969
21,1,1045
21,1,1483
21,1,3565
21,1,3992
21,1,2437
21,1,599
21,1,1473
21,1,7
21,1,534
21,1,3940
21,1,4111
21,1,4133
21,1,4134
21,1,1347
21,1,4165
21,1,1454
21,1,144
21,1,1548
21,1,4192
21,1,4219
21,1,4220
21,1,258
21,1,58
21,1,4234
21,1,4235
21,1,1149
21,1,4302
21,1,4303
21,1,666
21,1,3447
21,1,4435
21,1,4443
21,1,4445
21,1,4472
21,1,2474
21,1,3195
21,1,4166
21,1,4543
21,1,685
21,1,4549
21,1,4562
21,1,834
21,1,4577
21,1,622
21,1,3865
21,1,4647
21,1,4662
21,1,3939
21,1,323
21,1,4699
21,1,4705
21,1,1499
21,1,3822
21,1,4765
21,1,4766
21,1,134
21,1,2102
21,1,70
21,1,1242
21,1,1590
21,1,153
21,1,2004
21,1,4855
21,1,530
21,1,1669
21,1,913
21,1,981
21,1,4900
21,1,4917
21,1,4939
21,1,4950
21,1,4951
21,1,4953
21,1,4962
21,1,4764
21,1,4985
21,1,4997
21,1,1203
21,1,5034
21,1,2154
21,1,5039
21,1,409
21,1,5071
21,1,10
21,1,4524
21,1,3225
21,1,788
21,1,4930
21,1,5091
21,1,3060
21,1,2676
21,1,5112
21,1,3534
21,1,2188
21,1,172
21,1,5137
21,1,5138
21,1,3142
21,1,5139
2733,1,64
2733,1,2734
2733,1,2949
64,1,2734
64,1,2774
64,1,11
64,1,8
64,1,1698
64,1,1431
64,1,983
64,1,58
64,1,76
64,1,3399
64,1,32
64,1,3480
64,1,48
64,1,3640
64,1,1377
64,1,3783
64,1,777
64,1,1227
64,1,618
64,1,412
64,1,73
64,1,212
64,1,177
64,1,900
64,1,791
64,1,153
64,1,83
64,1,42
64,1,1044
64,1,4938
64,1,446
64,1,724
64,1,4976
2734,1,1390
153,1,73
153,1,3066
153,1,3402
153,1,11
153,1,350
153,1,682
153,1,408
153,1,323
153,1,4158
153,1,389
153,1,213
153,1,153
153,1,4587
153,1,791
153,1,934
153,1,225
153,1,2591
153,1,3716
153,1,1227
153,1,4985
153,1,2264
153,1,3089
153,1,1149
153,1,2759
153,1,589
153,1,5107
153,1,983
153,1,296
73,1,73
73,1,2862
73,1,350
73,1,724
73,1,2953
73,1,296
73,1,2968
73,1,2998
73,1,1628
73,1,243
73,1,1270
73,1,23
73,1,1227
73,1,3314
73,1,1473
73,1,11
73,1,3455
73,1,3420
73,1,8
73,1,687
73,1,3625
73,1,323
73,1,2329
73,1,371
73,1,2982
73,1,2726
73,1,62
73,1,501
73,1,71
73,1,3953
73,1,225
73,1,1564
73,1,2759
73,1,4083
73,1,294
73,1,534
73,1,4196
73,1,1195
73,1,4197
73,1,4198
73,1,966
73,1,4236
73,1,177
73,1,4290
73,1,4291
73,1,4292
73,1,494
73,1,109
73,1,134
73,1,142
73,1,2455
73,1,22
73,1,4473
73,1,4474
73,1,3465
73,1,321
73,1,825
73,1,4551
73,1,4587
73,1,4466
73,1,83
73,1,4673
73,1,212
73,1,4705
73,1,4722
73,1,4723
73,1,194
73,1,1294
73,1,4726
73,1,4765
73,1,4655
73,1,4858
73,1,4859
73,1,1004
73,1,4898
73,1,1151
73,1,5067
73,1,3369
73,1,108
73,1,3791
73,1,1572
73,1,36
73,1,7
73,1,32
73,1,1096
73,1,983
73,1,5144
36,1,36
36,1,426
36,1,2736
36,1,3094
36,1,3096
36,1,3344
36,1,3528
36,1,3678
36,1,2329
36,1,4111
36,1,134
36,1,4382
36,1,755
36,1,581
36,1,546
36,1,4772
36,1,4800
36,1,7
36,1,22
426,1,2736
426,1,610
426,1,3683
426,1,11
426,1,594
426,1,1155
2737,1,409
409,1,3672
409,1,966
409,1,212
11,1,777
11,1,347
11,1,2831
11,1,724
11,1,2897
11,1,2898
11,1,177
11,1,2927
11,1,2928
11,1,580
11,1,98
11,1,371
11,1,534
11,1,48
11,1,8
11,1,1698
11,1,1431
11,1,3009
11,1,1458
11,1,1227
11,1,2367
11,1,3067
11,1,3068
11,1,3088
11,1,408
11,1,1546
11,1,3089
11,1,23
11,1,1332
11,1,3241
11,1,3242
11,1,296
11,1,2055
11,1,421
11,1,3263
11,1,323
11,1,3311
11,1,3334
11,1,168
11,1,394
11,1,194
11,1,3402
11,1,134
11,1,294
11,1,776
11,1,546
11,1,3445
11,1,212
11,1,1044
11,1,3572
11,1,286
11,1,2769
11,1,11
11,1,610
11,1,3683
11,1,594
11,1,1155
11,1,2847
11,1,3315
11,1,3779
11,1,515
11,1,641
11,1,2759
11,1,3811
11,1,756
11,1,983
11,1,3876
11,1,3924
11,1,3728
11,1,3967
11,1,139
11,1,76
11,1,34
11,1,2761
11,1,2800
11,1,4040
11,1,225
11,1,4049
11,1,4129
11,1,144
11,1,966
11,1,4285
11,1,746
11,1,213
11,1,4362
11,1,4373
11,1,2455
11,1,4512
11,1,825
11,1,4595
11,1,729
11,1,4611
11,1,1671
11,1,4677
11,1,57
11,1,4735
11,1,4774
11,1,581
11,1,161
11,1,4861
11,1,4875
11,1,2088
11,1,4916
11,1,4985
11,1,22
11,1,5034
11,1,5040
11,1,5052
11,1,5072
11,1,3390
11,1,42
11,1,3075
11,1,5141
296,1,2953
296,1,1377
296,1,294
296,1,687
296,1,3033
296,1,3476
296,1,983
296,1,3916
296,1,3917
296,1,3918
296,1,4133
296,1,4134
296,1,724
296,1,2591
296,1,470
296,1,4543
296,1,2753
296,1,108
296,1,3939
296,1,4930
296,1,5034
296,1,2800
296,1,5107
2740,1,2741
2742,1,71
71,1,2676
71,1,2852
71,1,71
71,1,2800
71,1,784
71,1,3577
71,1,2759
71,1,62
71,1,501
71,1,228
71,1,371
71,1,658
71,1,3562
71,1,4991
71,1,5047
71,1,5048
2743,1,687
2743,1,966
687,1,966
687,1,2329
687,1,108
687,1,983
687,1,2319
687,1,687
687,1,3284
687,1,3365
687,1,3413
687,1,2800
687,1,170
687,1,3553
687,1,1381
687,1,2759
687,1,134
687,1,3921
687,1,3322
687,1,4054
687,1,4055
687,1,144
687,1,4950
687,1,4951
966,1,371
966,1,3154
966,1,1546
966,1,3418
966,1,3419
966,1,192
966,1,360
966,1,618
966,1,3579
966,1,48
966,1,3607
966,1,3745
966,1,350
966,1,3746
966,1,1227
966,1,966
966,1,3369
966,1,913
966,1,2759
966,1,3962
966,1,2928
966,1,2018
966,1,2845
966,1,39
966,1,4466
966,1,38
966,1,729
966,1,4521
966,1,4522
966,1,57
966,1,135
966,1,94
966,1,3797
966,1,4668
966,1,4669
966,1,2088
966,1,957
966,1,4786
966,1,1628
966,1,4851
966,1,161
966,1,5017
966,1,3015
966,1,5018
966,1,364
966,1,724
966,1,212
966,1,32
966,1,1096
966,1,983
28,1,2745
28,1,2746
28,1,2747
28,1,567
28,1,258
2745,1,2746
2745,1,2747
2746,1,2747
777,1,347
777,1,724
777,1,2831
777,1,3075
777,1,236
777,1,3224
777,1,777
777,1,225
777,1,261
777,1,3435
777,1,1377
777,1,3783
777,1,1227
777,1,7
777,1,4790
777,1,158
347,1,1698
347,1,3216
347,1,2759
347,1,32
347,1,5023
2749,1,913
913,1,3679
913,1,3680
913,1,2329
913,1,1671
913,1,844
913,1,23
913,1,294
913,1,350
913,1,1227
913,1,534
913,1,2979
20,1,826
2753,1,2754
2753,1,2755
2753,1,2756
2753,1,83
2753,1,3134
2754,1,2755
2754,1,2756
2755,1,2756
2763,1,2763
2763,1,2781
2763,1,4754
2763,1,4755
76,1,1076
76,1,1046
76,1,1013
76,1,3399
76,1,34
76,1,2761
76,1,1332
76,1,76
76,1,1227
76,1,4602
76,1,1224
76,1,236
76,1,3195
1076,1,1046
1076,1,371
1076,1,4043
1046,1,2004
1046,1,1046
1046,1,2944
1046,1,3287
1046,1,1204
1046,1,1788
1046,1,4008
1046,1,371
1046,1,4043
1046,1,1084
1046,1,4336
1046,1,2018
1046,1,4836
1046,1,4837
1046,1,3597
2768,1,724
2768,1,2496
350,1,2770
350,1,1572
350,1,2824
350,1,350
350,1,724
350,1,1546
350,1,2971
350,1,2972
350,1,844
350,1,3018
350,1,3019
350,1,3181
350,1,3182
350,1,3198
350,1,3199
350,1,212
350,1,3038
350,1,3745
350,1,4150
350,1,4269
350,1,4270
350,1,4287
350,1,2329
350,1,4534
350,1,248
350,1,4632
350,1,3263
350,1,2759
350,1,4693
350,1,4694
350,1,2874
350,1,4709
350,1,4715
350,1,2584
350,1,294
350,1,48
350,1,534
350,1,2979
350,1,1347
2004,1,2004
2004,1,2310
480,1,212
480,1,2936
480,1,3398
480,1,495
480,1,480
480,1,3913
480,1,534
480,1,4368
2776,1,2777
2778,1,145
48,1,2788
48,1,371
48,1,2903
48,1,534
48,1,2936
48,1,3133
48,1,1546
48,1,192
48,1,401
48,1,3429
48,1,3430
48,1,3431
48,1,3594
48,1,2800
48,1,261
48,1,3607
48,1,3671
48,1,2464
48,1,8
48,1,1988
48,1,2154
48,1,2759
48,1,614
48,1,724
48,1,4251
48,1,4324
48,1,2329
48,1,4383
48,1,294
48,1,1332
48,1,258
48,1,4665
48,1,4666
48,1,4731
48,1,4901
48,1,4921
48,1,4922
48,1,98
48,1,5084
48,1,5085
48,1,1045
48,1,2966
48,1,1572
48,1,5099
724,1,2831
724,1,724
724,1,67
724,1,3086
724,1,3087
724,1,3231
724,1,3232
724,1,3334
724,1,168
724,1,3381
724,1,58
724,1,3408
724,1,3409
724,1,371
724,1,546
724,1,8
724,1,599
724,1,7
724,1,343
724,1,3572
724,1,2914
724,1,3075
724,1,2726
724,1,1227
724,1,614
724,1,791
724,1,2591
724,1,470
724,1,294
724,1,3263
724,1,2759
724,1,261
724,1,4790
724,1,217
724,1,4844
724,1,4976
724,1,5069
724,1,5070
2802,1,2803
2806,1,2807
2806,1,2808
2806,1,2809
2807,1,2808
2807,1,2809
2808,1,2809
1655,1,2811
610,1,310
610,1,3683
610,1,594
610,1,1155
610,1,4937
610,1,546
310,1,1324
1572,1,1045
1572,1,2966
1572,1,371
1572,1,5099
32,1,192
32,1,2870
32,1,1256
32,1,3458
32,1,3480
32,1,144
32,1,934
32,1,23
32,1,4234
32,1,4235
32,1,530
32,1,32
32,1,4955
32,1,3108
32,1,4956
32,1,479
32,1,161
32,1,701
32,1,2759
32,1,1096
32,1,983
192,1,3418
192,1,3419
192,1,360
192,1,618
1212,1,276
1212,1,135
276,1,135
135,1,135
135,1,2881
135,1,3355
135,1,3356
135,1,3357
135,1,504
135,1,3658
135,1,3659
135,1,4010
135,1,2834
135,1,94
135,1,3797
135,1,4668
135,1,4669
135,1,4682
135,1,4683
135,1,5073
135,1,3089
2799,1,1227
1227,1,3328
1227,1,3353
1227,1,3446
1227,1,1325
1227,1,1628
1227,1,3003
1227,1,3613
1227,1,3614
1227,1,864
1227,1,3615
1227,1,3626
1227,1,3746
1227,1,3776
1227,1,1296
1227,1,1377
1227,1,3783
1227,1,34
1227,1,2761
1227,1,1332
1227,1,599
1227,1,1473
1227,1,220
1227,1,4173
1227,1,4174
1227,1,4241
1227,1,4242
1227,1,4243
1227,1,4262
1227,1,1425
1227,1,2759
1227,1,958
1227,1,30
1227,1,560
1227,1,3791
534,1,534
534,1,4368
534,1,83
534,1,5040
534,1,3213
534,1,2979
2828,1,2829
371,1,98
371,1,2966
371,1,3379
371,1,34
371,1,3415
371,1,546
371,1,8
371,1,599
371,1,7
371,1,343
371,1,3633
371,1,57
371,1,371
371,1,2982
371,1,177
371,1,760
371,1,213
371,1,4043
371,1,286
371,1,784
371,1,4282
371,1,1084
371,1,1671
371,1,2759
371,1,212
371,1,2927
371,1,4569
371,1,2018
371,1,4936
371,1,23
371,1,1045
371,1,5099
2831,1,2897
2831,1,2898
2831,1,3811
581,1,635
581,1,624
581,1,2941
581,1,530
581,1,2942
581,1,243
581,1,3906
581,1,4384
581,1,4385
581,1,23
581,1,4386
581,1,4387
581,1,4388
581,1,2023
581,1,546
581,1,4774
2833,1,2956
1698,1,8
1698,1,1431
1698,1,3706
98,1,622
98,1,3544
98,1,98
98,1,4921
98,1,4922
635,1,624
2842,1,139
139,1,3044
139,1,3393
139,1,2838
139,1,2839
139,1,3945
139,1,3946
139,1,294
139,1,2329
139,1,4942
139,1,4943
139,1,4944
139,1,108
139,1,4945
139,1,4946
139,1,4947
139,1,4783
2329,1,3678
2329,1,3679
2329,1,3680
2329,1,2369
2329,1,864
2329,1,61
2329,1,294
2329,1,4324
2329,1,2329
2329,1,3153
2847,1,1408
2847,1,2848
2847,1,896
2847,1,2591
1408,1,2848
1408,1,896
1408,1,2591
2848,1,896
2848,1,2591
896,1,2591
896,1,2759
896,1,1155
896,1,896
2591,1,2591
2591,1,470
2849,1,3153
2849,1,900
2849,1,3657
958,1,1377
958,1,958
958,1,983
294,1,2759
294,1,3370
294,1,3371
294,1,776
294,1,1237
294,1,1467
294,1,4383
294,1,3075
294,1,3433
294,1,3940
294,1,1497
1372,1,2859
34,1,2207
34,1,2861
34,1,2761
34,1,3271
34,1,3379
34,1,623
34,1,3576
34,1,1454
34,1,844
34,1,2979
34,1,3711
34,1,1332
34,1,643
34,1,4304
34,1,4590
34,1,42
34,1,4591
34,1,4592
34,1,3822
34,1,34
34,1,5003
2207,1,2861
2207,1,2649
2207,1,4226
423,1,2759
423,1,3263
423,1,4440
423,1,2800
2759,1,1155
2759,1,3216
2759,1,42
2759,1,3443
2759,1,134
2759,1,2759
2759,1,2834
2759,1,108
2759,1,3885
2759,1,568
2759,1,3947
2759,1,2464
2759,1,161
2759,1,4004
2759,1,983
2759,1,3033
2759,1,14
2759,1,4323
2759,1,4328
2759,1,1628
2759,1,3003
2759,1,2174
2759,1,4488
2759,1,4524
2759,1,886
2759,1,1712
2759,1,1425
2759,1,4541
2759,1,3317
2759,1,4667
2759,1,3263
2759,1,4776
2759,1,4923
2759,1,1149
2759,1,236
2759,1,346
2759,1,3390
2759,1,1096
2759,1,141
96,1,39
96,1,530
96,1,166
96,1,2871
96,1,23
96,1,2373
96,1,96
96,1,236
96,1,465
39,1,530
39,1,166
39,1,2871
39,1,3838
39,1,23
39,1,934
39,1,4369
39,1,39
530,1,166
530,1,2871
530,1,2941
530,1,2942
530,1,3010
530,1,144
530,1,3861
530,1,4628
166,1,2871
2373,1,144
2373,1,23
2373,1,2373
2373,1,3802
2373,1,3803
144,1,2954
144,1,144
144,1,23
144,1,3986
144,1,30
2878,1,2879
2878,1,2880
2879,1,2880
2884,1,2885
2886,1,2887
2886,1,216
2886,1,2888
2887,1,216
2887,1,2888
216,1,2888
216,1,4828
619,1,3433
412,1,2982
412,1,3609
412,1,618
412,1,412
412,1,2120
412,1,4747
412,1,2191
412,1,746
1634,1,2890
1634,1,2891
1634,1,2892
1634,1,2893
1634,1,2420
1634,1,1639
1634,1,4145
2890,1,2891
2890,1,2892
2890,1,2893
2891,1,2892
2891,1,2893
2892,1,2893
2897,1,2898
479,1,479
479,1,4955
479,1,3108
479,1,4956
8,1,1431
8,1,546
8,1,599
8,1,7
8,1,343
8,1,494
8,1,2578
8,1,2902
8,1,3770
8,1,8
8,1,3174
8,1,1927
8,1,1294
8,1,4726
2911,1,2912
2911,1,1136
2915,1,2916
606,1,2918
2924,1,2925
177,1,2927
177,1,756
177,1,7
177,1,83
177,1,177
177,1,760
177,1,4186
177,1,286
177,1,4770
2928,1,580
2928,1,3669
2928,1,3670
2928,1,2206
580,1,580
947,1,2836
947,1,2837
2836,1,2837
1671,1,334
1671,1,844
1671,1,3128
1671,1,4282
1671,1,1084
2935,1,701
701,1,161
212,1,2936
212,1,30
212,1,1203
212,1,3125
212,1,546
212,1,3279
212,1,1332
212,1,83
212,1,4109
212,1,4166
212,1,4629
212,1,60
212,1,4975
2937,1,2938
2937,1,2939
2938,1,2939
2940,1,3108
2940,1,3109
2940,1,3110
2940,1,2726
2940,1,3571
2940,1,773
2940,1,4999
2941,1,2942
2949,1,2949
226,1,2950
226,1,2951
226,1,3303
226,1,226
2950,1,2951
2956,1,1800
2956,1,791
2959,1,2960
2959,1,4238
2959,1,4239
2415,1,1204
2415,1,1027
2415,1,2965
1204,1,1027
1204,1,2965
1204,1,3287
1204,1,1788
1027,1,2965
44,1,618
2966,1,1045
2966,1,5099
1546,1,2971
1546,1,2972
1546,1,844
1546,1,3181
1546,1,3182
1546,1,3579
1546,1,539
1546,1,780
1546,1,4512
1546,1,4982
2971,1,2972
2971,1,844
2972,1,844
844,1,2979
844,1,4999
844,1,5097
844,1,844
1155,1,3683
1155,1,594
1155,1,3551
2781,1,4754
2781,1,4755
2761,1,2761
2761,1,3252
2761,1,1537
2761,1,3532
2761,1,1332
2761,1,4165
2761,1,1454
2761,1,4241
2761,1,4242
2761,1,4243
2761,1,3069
2978,1,2979
83,1,3134
83,1,599
83,1,4673
83,1,42
83,1,2457
83,1,4906
2988,1,232
232,1,3785
232,1,2726
232,1,2429
232,1,4097
232,1,666
232,1,4980
1573,1,2989
1573,1,2990
1573,1,27
2989,1,2990
2990,1,2990
261,1,3247
261,1,1755
261,1,225
261,1,3435
261,1,4790
261,1,589
261,1,5032
2992,1,2993
141,1,141
94,1,22
94,1,23
94,1,4432
94,1,3797
94,1,4668
94,1,4669
94,1,5081
22,1,23
22,1,7
22,1,22
22,1,3923
22,1,4232
22,1,2455
22,1,5113
22,1,5114
23,1,3089
23,1,23
23,1,3310
23,1,3384
23,1,886
23,1,3838
23,1,934
23,1,3855
23,1,1488
23,1,3971
23,1,4067
23,1,3131
23,1,4140
23,1,4232
23,1,2455
23,1,666
23,1,58
23,1,4384
23,1,4385
23,1,4386
23,1,4387
23,1,4388
23,1,2023
23,1,4399
23,1,236
23,1,465
23,1,4503
23,1,4696
23,1,326
23,1,3165
23,1,618
23,1,4928
23,1,5067
23,1,3369
23,1,5112
23,1,5113
23,1,5114
243,1,3001
243,1,3002
243,1,3382
243,1,243
243,1,3428
243,1,308
243,1,4439
243,1,4485
3001,1,3002
3003,1,155
3003,1,3003
3003,1,3484
3003,1,3485
3003,1,1628
3003,1,3613
3003,1,3614
3003,1,864
3003,1,3615
3003,1,2231
3003,1,3889
3003,1,1418
3003,1,1598
3003,1,4221
155,1,155
155,1,4885
3005,1,3006
3005,1,3007
3006,1,3007
3018,1,3019
3021,1,3022
3021,1,3023
3022,1,3023
3027,1,3028
3030,1,3031
57,1,3038
57,1,430
57,1,4677
57,1,4958
57,1,4959
57,1,4604
3038,1,3466
30,1,4047
108,1,3436
108,1,213
108,1,2771
108,1,108
108,1,3790
108,1,4942
108,1,4943
108,1,4944
108,1,4945
108,1,4946
108,1,4947
756,1,7
7,1,3330
7,1,546
7,1,599
7,1,343
7,1,3923
7,1,3934
7,1,4517
7,1,225
7,1,4728
7,1,2102
7,1,70
7,1,158
7,1,7
983,1,3113
983,1,3308
983,1,286
983,1,4700
983,1,1755
983,1,1205
983,1,5107
983,1,1096
3064,1,2231
2367,1,4329
1628,1,3613
1628,1,3614
1628,1,864
1628,1,3615
1628,1,1628
1628,1,3315
1628,1,949
1628,1,5145
3067,1,3068
3080,1,3081
3080,1,3082
3081,1,3082
864,1,3613
864,1,3614
864,1,3615
864,1,3193
864,1,1079
864,1,2369
864,1,61
864,1,4371
864,1,4372
864,1,4419
3084,1,3085
67,1,3086
67,1,3087
3086,1,3087
3088,1,408
408,1,682
1377,1,3783
3094,1,134
3094,1,3129
3108,1,3109
3108,1,3110
3108,1,4955
3108,1,4956
3109,1,3110
3111,1,567
567,1,3939
567,1,4695
567,1,258
3116,1,3117
3116,1,3118
3116,1,3119
3116,1,3120
3116,1,3121
3116,1,3122
3117,1,3118
3117,1,3119
3117,1,3120
3117,1,3121
3117,1,3122
3118,1,3119
3118,1,3120
3118,1,3121
3118,1,3122
3119,1,3120
3119,1,3121
3119,1,3122
3120,1,3121
3120,1,3122
3121,1,3122
3075,1,236
3075,1,2914
3075,1,2726
236,1,3349
236,1,3623
236,1,1059
236,1,236
236,1,4130
236,1,4131
236,1,4132
236,1,465
236,1,1186
236,1,3195
1203,1,3125
1203,1,546
1203,1,4552
1203,1,4553
1203,1,4554
1203,1,4555
1203,1,4556
3125,1,546
546,1,3445
546,1,599
546,1,343
546,1,3721
546,1,3722
546,1,4147
546,1,2084
546,1,4937
546,1,1301
134,1,1405
134,1,1106
134,1,3713
134,1,3714
134,1,3715
134,1,109
134,1,4359
134,1,4360
134,1,4444
134,1,346
3134,1,3470
3134,1,3471
394,1,2930
394,1,2420
2930,1,4850
3141,1,3142
3142,1,172
3142,1,5137
3142,1,5138
3143,1,3277
3148,1,397
397,1,4527
217,1,3152
217,1,4844
3155,1,3156
3155,1,3157
3156,1,3157
3159,1,3160
1988,1,2154
774,1,378
774,1,3161
774,1,560
378,1,3161
378,1,560
378,1,17
378,1,4471
3161,1,560
560,1,1800
560,1,3280
2023,1,4075
2023,1,4076
2023,1,4384
2023,1,4385
2023,1,4386
2023,1,4387
2023,1,4388
2023,1,4406
3170,1,3171
167,1,308
167,1,167
167,1,4297
308,1,2726
308,1,4686
308,1,3428
308,1,308
3174,1,1927
3180,1,38
3180,1,1425
38,1,1425
38,1,3628
38,1,161
38,1,3733
38,1,3734
38,1,3735
38,1,3736
38,1,4248
38,1,309
38,1,42
38,1,2558
38,1,38
38,1,5092
38,1,4659
1425,1,5092
3181,1,3182
3089,1,4038
3089,1,3089
3089,1,42
3089,1,3809
3089,1,2264
3089,1,5073
3089,1,161
3184,1,3185
3184,1,3186
3185,1,3186
599,1,1473
599,1,598
599,1,343
225,1,225
225,1,3435
225,1,4040
225,1,4517
3198,1,3199
3200,1,3201
343,1,2402
343,1,3580
343,1,3581
343,1,2434
3136,1,3209
1473,1,598
1473,1,3549
598,1,4467
598,1,598
3218,1,3219
3231,1,3232
3241,1,3242
3245,1,3091
3245,1,3246
3091,1,3091
3091,1,3246
3252,1,1537
2800,1,170
2800,1,3594
2800,1,568
2800,1,3744
2800,1,4440
2800,1,5034
3259,1,3260
3259,1,3261
3260,1,3261
2416,1,3266
2055,1,421
2420,1,2420
1800,1,3280
1800,1,1045
1800,1,791
1800,1,2124
3281,1,3282
2319,1,3284
2319,1,3456
3284,1,3284
3285,1,949
949,1,3298
949,1,3299
949,1,5145
3263,1,323
3287,1,1788
3289,1,3290
3292,1,3293
3292,1,3294
3293,1,3294
3298,1,3299
3305,1,3306
3312,1,3313
194,1,2986
194,1,4631
194,1,4722
194,1,4723
194,1,5130
125,1,58
58,1,3381
58,1,3831
58,1,3832
58,1,4056
58,1,4159
58,1,24
58,1,666
58,1,58
3334,1,168
2235,1,281
2235,1,2235
1592,1,3342
3355,1,3356
3355,1,3357
3356,1,3357
3370,1,3371
213,1,3436
213,1,213
346,1,3883
346,1,4933
346,1,4734
346,1,568
346,1,346
346,1,1423
3399,1,3966
3403,1,3403
3408,1,3409
3411,1,3412
401,1,1168
401,1,3414
401,1,401
1168,1,3414
1168,1,2248
3418,1,3419
3418,1,360
3418,1,618
3419,1,3419
3419,1,360
3419,1,618
360,1,618
618,1,3895
618,1,667
618,1,3896
618,1,3897
568,1,568
568,1,3426
568,1,3744
568,1,3885
568,1,4933
568,1,4734
3429,1,3430
3429,1,3431
3430,1,3431
3433,1,3940
3439,1,3440
2982,1,4295
2982,1,4457
42,1,3443
42,1,4409
42,1,309
42,1,4540
42,1,4590
42,1,4591
42,1,4592
42,1,42
42,1,3809
42,1,3390
3445,1,4545
3445,1,4546
3445,1,4547
3445,1,4548
509,1,87
623,1,4642
623,1,623
258,1,258
258,1,5015
3462,1,3463
3470,1,3471
170,1,788
170,1,2464
170,1,4167
170,1,3529
170,1,3101
170,1,4713
364,1,5017
364,1,3015
364,1,5018
900,1,900
3222,1,103
3033,1,3476
3478,1,3479
3482,1,3483
3484,1,3485
3484,1,3484
3495,1,3496
3501,1,3502
3507,1,3508
3535,1,3535
3420,1,3137
3420,1,4802
3420,1,4803
3538,1,3539
465,1,987
465,1,1096
987,1,1096
1096,1,1129
1096,1,1466
1096,1,4814
3540,1,755
2610,1,3555
3563,1,4539
2726,1,3571
2726,1,2914
2726,1,2726
2726,1,4651
2726,1,4652
2726,1,4686
3576,1,1454
1454,1,4165
1454,1,643
1454,1,4304
3580,1,3581
3580,1,2434
3581,1,2434
3582,1,3583
3585,1,1488
2838,1,2839
286,1,2769
3590,1,3591
886,1,1712
3595,1,1037
3595,1,3596
3595,1,3597
1037,1,3596
1037,1,3597
1037,1,2437
3596,1,3597
3597,1,4836
3597,1,4837
3613,1,3614
3613,1,3615
3614,1,3615
3628,1,161
161,1,3958
161,1,161
161,1,4004
161,1,4557
161,1,4558
161,1,4559
161,1,996
161,1,402
161,1,4907
934,1,934
934,1,3838
934,1,27
3636,1,981
504,1,3819
504,1,3820
504,1,939
504,1,4644
3646,1,3647
3646,1,3646
3656,1,3657
3657,1,4099
3658,1,3659
3660,1,3661
3669,1,3670
3679,1,3680
3101,1,3682
3101,1,61
3101,1,3101
3682,1,61
61,1,2369
3683,1,594
1321,1,3684
432,1,178
432,1,3691
432,1,3692
178,1,3691
178,1,3692
3691,1,3692
3696,1,3697
3696,1,3698
3697,1,3698
2464,1,4167
2744,1,3789
470,1,3702
3704,1,3705
1405,1,1106
1405,1,3713
1405,1,3714
1405,1,3715
1106,1,3713
1106,1,3714
1106,1,3715
3713,1,3714
3713,1,3715
3714,1,3715
3717,1,3718
3721,1,3722
3729,1,3730
3729,1,3731
3729,1,3732
3730,1,3731
3730,1,3732
3731,1,3732
3733,1,3734
3733,1,3735
3733,1,3736
3734,1,3735
3734,1,3736
3735,1,3736
494,1,4290
494,1,4291
494,1,4292
3324,1,1169
3302,1,3756
3758,1,3759
3764,1,3765
3764,1,3766
3765,1,3766
3768,1,3768
2578,1,2902
2578,1,3770
2902,1,3770
3776,1,1296
3315,1,3779
3791,1,2599
788,1,1347
788,1,4930
3369,1,5067
3369,1,3369
3794,1,3795
3799,1,3800
3799,1,3801
3800,1,3801
3802,1,3803
515,1,641
3815,1,3816
3815,1,3817
3815,1,3818
3816,1,3817
3816,1,3818
3817,1,3818
3819,1,3820
3819,1,939
3820,1,939
3825,1,2429
3830,1,1713
3831,1,3832
2681,1,3541
3842,1,3843
2154,1,5039
3873,1,3874
3873,1,3875
3874,1,3875
3885,1,3885
3895,1,667
3895,1,3896
3895,1,3897
667,1,3896
667,1,3897
667,1,667
3896,1,3897
62,1,501
3902,1,3903
3906,1,3907
158,1,1134
158,1,1396
1134,1,4672
3910,1,3911
3008,1,4082
3916,1,3917
3916,1,3918
3917,1,3918
3921,1,3322
3921,1,3921
326,1,326
326,1,3165
3926,1,3927
3926,1,3928
3927,1,3928
738,1,945
3942,1,3943
3945,1,3946
3960,1,3961
666,1,4503
666,1,5148
1045,1,5099
3565,1,3992
3995,1,826
4006,1,4007
4014,1,4015
4014,1,827
4014,1,4016
4014,1,4017
4015,1,827
4015,1,4016
4015,1,4017
827,1,4016
827,1,4017
4016,1,4017
4025,1,4026
4025,1,3060
4026,1,3060
4031,1,4032
4044,1,4045
4054,1,4055
4060,1,3317
3243,1,4064
4075,1,4076
4077,1,4078
4084,1,4085
4092,1,832
832,1,832
832,1,1138
832,1,4353
4094,1,824
4095,1,4096
4103,1,1690
4104,1,4105
4104,1,4106
4105,1,4106
821,1,4107
467,1,4112
467,1,4513
4128,1,4128
4130,1,4131
4130,1,4132
4131,1,4132
4133,1,4134
4135,1,451
4153,1,91
1347,1,4930
4159,1,24
4168,1,4169
4168,1,4170
4169,1,4170
4171,1,445
220,1,4173
4179,1,4180
4179,1,4181
4180,1,4181
4196,1,1195
4196,1,4197
4196,1,4198
1195,1,4197
1195,1,4198
4197,1,4198
2455,1,872
2455,1,4232
4211,1,4212
4215,1,906
4215,1,4216
906,1,4216
4219,1,4220
2018,1,2018
4223,1,4224
4223,1,902
4224,1,902
2649,1,4226
4234,1,4235
248,1,4237
248,1,4534
4238,1,4239
4241,1,4242
4241,1,4243
4242,1,4243
4245,1,4246
4253,1,4254
4253,1,4255
4254,1,4255
4269,1,4270
1033,1,4279
4282,1,1084
1084,1,4336
4285,1,746
746,1,4747
746,1,2191
1149,1,4853
1149,1,4854
4288,1,4289
4290,1,4291
4290,1,4292
4291,1,4292
4302,1,4303
643,1,4304
4316,1,4317
14,1,4323
4323,1,4535
4323,1,4536
4332,1,4333
791,1,791
4341,1,4342
4345,1,4346
4345,1,4347
4345,1,4348
4345,1,4349
4345,1,4350
4345,1,4351
4345,1,4352
4346,1,4347
4346,1,4348
4346,1,4349
4346,1,4350
4346,1,4351
4346,1,4352
4347,1,4348
4347,1,4349
4347,1,4350
4347,1,4351
4347,1,4352
4348,1,4349
4348,1,4350
4348,1,4351
4348,1,4352
4349,1,4350
4349,1,4351
4349,1,4352
4350,1,4351
4350,1,4352
4351,1,4352
1138,1,1138
1138,1,4353
4359,1,4360
4371,1,4372
4384,1,4385
4384,1,4386
4384,1,4387
4384,1,4388
4385,1,4386
4385,1,4387
4385,1,4388
4386,1,4387
4386,1,4388
4387,1,4388
4389,1,4390
4398,1,1552
4402,1,4403
4412,1,4413
4412,1,4414
4412,1,4415
4412,1,4416
4412,1,4417
4413,1,4414
4413,1,4415
4413,1,4416
4413,1,4417
4414,1,4415
4414,1,4416
4414,1,4417
4415,1,4416
4415,1,4417
4416,1,4417
4433,1,4434
3747,1,4447
4459,1,4460
17,1,4471
4472,1,2474
4473,1,4474
4482,1,4483
437,1,436
867,1,4501
867,1,4502
4501,1,4502
4518,1,106
4518,1,4519
106,1,4519
729,1,4521
729,1,4522
729,1,729
4521,1,4522
4521,1,4521
4524,1,10
2088,1,957
2088,1,4786
4535,1,4536
4540,1,4540
4545,1,4546
4545,1,4547
4545,1,4548
4546,1,4547
4546,1,4548
4547,1,4548
4552,1,4553
4552,1,4554
4552,1,4555
4552,1,4556
4553,1,4554
4553,1,4555
4553,1,4556
4554,1,4555
4554,1,4556
4555,1,4556
4557,1,4558
4557,1,4559
4558,1,4559
4566,1,4567
4566,1,4568
4567,1,4568
4572,1,4573
4572,1,4574
4573,1,4574
265,1,4576
4580,1,4581
4590,1,4591
4590,1,4592
4591,1,4592
4602,1,1224
4604,1,4605
4604,1,4606
4604,1,4607
4605,1,4606
4605,1,4607
4606,1,4607
4613,1,4614
4613,1,4615
4614,1,4615
4618,1,165
2214,1,4621
352,1,4627
2986,1,4631
4651,1,4652
4657,1,4658
4542,1,4659
1845,1,2084
1845,1,4661
2084,1,4661
4665,1,4666
3797,1,4668
3797,1,4669
4668,1,4669
4670,1,4671
4674,1,4675
4678,1,4679
4682,1,4683
3847,1,3847
4689,1,4690
4689,1,2079
4690,1,2079
4693,1,4694
60,1,5128
60,1,60
4722,1,4723
1294,1,4726
4733,1,4734
4734,1,4933
4739,1,4740
4747,1,2191
4751,1,4752
4754,1,4755
1540,1,4756
4760,1,4760
4760,1,4761
4767,1,4768
4768,1,4768
2029,1,4771
4777,1,4778
4780,1,4454
4780,1,4781
4454,1,4781
4782,1,4783
4784,1,959
4784,1,4785
959,1,4785
957,1,4786
4789,1,10
10,1,4862
10,1,4863
10,1,4864
4794,1,4795
2625,1,95
2625,1,2197
95,1,2197
3137,1,3137
3137,1,4802
3137,1,4803
4802,1,4803
4809,1,4810
4811,1,4812
1466,1,4814
446,1,2784
446,1,4633
446,1,4938
2784,1,4633
2132,1,4815
2132,1,4816
4815,1,4816
2102,1,70
1242,1,1590
996,1,402
4830,1,4831
4836,1,4837
4838,1,4839
4838,1,4187
4838,1,4840
4839,1,4187
4839,1,4840
4187,1,4840
4842,1,4843
4845,1,4846
4845,1,4847
4846,1,4847
4853,1,4854
4858,1,4859
4862,1,4863
4862,1,4864
4863,1,4864
4866,1,4867
4876,1,4877
1669,1,1669
1801,1,4879
4885,1,4885
4439,1,4485
4893,1,4894
1004,1,4898
2457,1,4906
4911,1,396
111,1,111
4918,1,4919
4918,1,4920
4919,1,4920
4921,1,4922
4942,1,4943
4942,1,4944
4942,1,4945
4942,1,4946
4942,1,4947
4943,1,4944
4943,1,4945
4943,1,4946
4943,1,4947
4944,1,4945
4944,1,4946
4944,1,4947
4945,1,4946
4945,1,4947
4946,1,4947
4950,1,4951
4955,1,4956
4958,1,4959
4965,1,3848
2805,1,4973
3562,1,4991
4999,1,5097
5008,1,5009
5008,1,5010
5009,1,5010
5017,1,3015
5017,1,5018
3015,1,5018
589,1,5032
5037,1,5038
5047,1,5048
5062,1,4320
5069,1,5070
5084,1,5085
5086,1,5087
5096,1,4074
5096,1,924
4074,1,924
613,1,5103
1641,1,5106
1641,1,164
5106,1,164
5109,1,5109
5113,1,5114
3534,1,3534
5122,1,5123
3390,1,3390
172,1,5137
172,1,5138
5137,1,5138
5146,1,1657
5146,1,5147
1657,1,5147
48,2,9
48,2,21
48,2,844
48,2,983
48,2,48
48,2,4806
48,2,4807
9,2,21
9,2,534
9,2,350
9,2,9
9,2,11
9,2,724
9,2,2800
9,2,36
9,2,153
9,2,3129
9,2,27
9,2,13
9,2,3205
9,2,3250
9,2,225
9,2,3366
9,2,217
9,2,3434
9,2,34
9,2,3547
9,2,3573
9,2,3574
9,2,3575
9,2,212
9,2,64
9,2,364
9,2,755
9,2,3094
9,2,3796
9,2,4327
9,2,526
9,2,39
9,2,180
9,2,581
9,2,4663
9,2,108
9,2,3745
9,2,498
9,2,1227
9,2,3315
9,2,248
9,2,3316
21,2,2791
21,2,27
21,2,73
21,2,21
21,2,3337
21,2,1097
21,2,36
21,2,755
21,2,3094
21,2,3796
21,2,724
21,2,13
21,2,98
21,2,764
21,2,236
21,2,560
21,2,394
21,2,3069
21,2,4736
21,2,966
21,2,388
21,2,4737
21,2,350
36,2,73
36,2,13
36,2,1097
73,2,3337
73,2,58
73,2,294
73,2,11
2838,2,2839
2838,2,139
2839,2,139
350,2,11
350,2,3366
350,2,3745
11,2,34
11,2,13
11,2,294
724,2,3796
724,2,261
3025,2,170
2800,2,4439
13,2,232
13,2,3573
13,2,1227
13,2,98
13,2,57
13,2,4327
13,2,180
13,2,323
13,2,581
13,2,4663
13,2,4738
13,2,3985
212,2,3190
212,2,3574
212,2,3575
212,2,64
34,2,34
34,2,3547
34,2,4354
34,2,4355
1371,2,3244
3250,2,225
1753,2,3450
1753,2,3451
3450,2,3451
1332,2,3038
3574,2,3575
3574,2,64
3575,2,64
1227,2,4446
1227,2,498
755,2,3094
755,2,755
3846,2,71
3846,2,3675
71,2,3675
764,2,1641
764,2,562
236,2,619
1641,2,562
4354,2,4355
1628,2,3003
180,2,526
180,2,39
180,2,4773
180,2,666
180,2,23
560,2,394
526,2,39
526,2,4773
581,2,4663
294,2,103
294,2,2130
966,2,388
966,2,4737
388,2,4737
4738,2,3985
4806,2,4807
103,2,2130
4909,2,4910
666,2,23
539,2,1546
5054,2,5055
3315,2,248
3315,2,3316
248,2,3316
2759,2,2759
1845,2,1409
1845,2,2018
1845,2,371
1409,2,2018
1409,2,371
2018,2,371
2728,3,161
161,3,1432
161,3,3020
161,3,2742
161,3,3525
161,3,226
161,3,4358
161,3,4707
161,3,164
161,3,2759
161,3,1169
1203,3,371
1203,3,1084
1203,3,2794
1203,3,177
371,3,1084
371,3,764
371,3,9
371,3,2759
371,3,13
371,3,3169
371,3,177
371,3,371
371,3,3955
371,3,3956
371,3,3957
371,3,3963
371,3,2982
371,3,4023
1084,3,3863
1084,3,3864
1084,3,1713
96,3,2767
96,3,2373
2767,3,2373
2373,3,2373
2373,3,3545
2373,3,666
2373,3,3546
2373,3,23
2373,3,2930
2773,3,9
9,3,2845
9,3,23
9,3,95
9,3,844
9,3,9
9,3,2933
9,3,1238
9,3,8
9,3,3024
9,3,177
9,3,724
9,3,618
9,3,3225
9,3,3226
9,3,755
9,3,48
9,3,3239
9,3,3240
9,3,350
9,3,534
9,3,913
9,3,2979
9,3,261
9,3,21
9,3,13
9,3,800
9,3,2760
9,3,3387
9,3,3388
9,3,67
9,3,34
9,3,27
9,3,959
9,3,2088
9,3,3417
9,3,3611
9,3,2018
9,3,546
9,3,2453
9,3,1046
9,3,1488
9,3,934
9,3,3626
9,3,1227
9,3,2874
9,3,2726
9,3,581
9,3,827
9,3,243
9,3,153
9,3,1256
9,3,3812
9,3,71
9,3,64
9,3,42
9,3,480
9,3,3850
9,3,1546
9,3,2842
9,3,3134
9,3,3869
9,3,3888
9,3,3941
9,3,212
9,3,764
9,3,2771
9,3,326
9,3,1043
9,3,983
9,3,4057
9,3,36
9,3,4071
9,3,4072
9,3,4088
9,3,296
9,3,4124
9,3,4125
9,3,894
9,3,4126
9,3,3279
9,3,4166
9,3,4175
9,3,4193
9,3,4194
9,3,2181
9,3,2676
9,3,310
9,3,1391
9,3,4277
9,3,4278
9,3,4283
9,3,4286
9,3,855
9,3,949
9,3,73
9,3,4325
9,3,111
9,3,2329
9,3,30
9,3,966
9,3,4407
9,3,4422
9,3,590
9,3,2420
9,3,144
9,3,4469
9,3,4526
9,3,651
9,3,4560
9,3,11
9,3,687
9,3,232
9,3,4549
9,3,4691
9,3,4692
9,3,4701
9,3,3263
9,3,4759
9,3,134
9,3,777
9,3,3094
9,3,2642
9,3,4311
9,3,4889
9,3,4890
9,3,3331
9,3,4931
9,3,2759
9,3,4964
9,3,4978
9,3,5016
9,3,294
9,3,1454
9,3,4253
9,3,5094
9,3,5101
9,3,5116
9,3,5121
9,3,3534
9,3,479
9,3,5143
2779,3,2464
2464,3,2759
2464,3,3605
331,3,2783
331,3,3385
331,3,3386
331,3,3089
2794,3,177
177,3,177
177,3,67
177,3,34
177,3,27
177,3,959
177,3,2088
177,3,3417
177,3,3955
177,3,3956
177,3,3957
177,3,5116
2821,3,26
2821,3,2821
2821,3,158
26,3,903
947,3,2836
947,3,2837
2836,3,2837
2836,3,2836
2845,3,23
23,3,48
23,3,3239
23,3,23
23,3,3240
23,3,180
23,3,3273
23,3,21
23,3,3369
23,3,3545
23,3,666
23,3,3546
23,3,2930
23,3,1488
23,3,966
23,3,73
23,3,4124
23,3,4125
23,3,894
23,3,13
23,3,4126
2872,3,2873
21,3,21
21,3,13
21,3,3014
21,3,2329
21,3,3098
21,3,966
21,3,1452
21,3,3212
21,3,346
21,3,134
21,3,2758
21,3,3307
21,3,3345
21,3,2759
21,3,2801
21,3,724
21,3,3542
21,3,350
21,3,3626
21,3,1227
21,3,3153
21,3,3812
21,3,71
21,3,64
21,3,7
21,3,2784
21,3,3840
21,3,1224
21,3,3865
21,3,3866
21,3,3867
21,3,3878
21,3,139
21,3,2849
21,3,212
21,3,73
21,3,4053
21,3,983
21,3,3075
21,3,4193
21,3,4194
21,3,2599
21,3,48
21,3,4277
21,3,4278
21,3,4284
21,3,296
21,3,4648
21,3,11
21,3,641
21,3,777
21,3,3279
21,3,4869
21,3,4870
21,3,4871
21,3,4872
21,3,3402
21,3,4931
21,3,261
21,3,4692
21,3,5025
21,3,180
21,3,4285
21,3,5026
21,3,844
21,3,1755
21,3,5056
21,3,5101
38,3,2899
38,3,651
38,3,2759
38,3,3041
38,3,3210
38,3,71
38,3,2174
38,3,2834
38,3,3527
20,3,2905
844,3,5026
13,3,13
13,3,2726
13,3,446
13,3,2641
13,3,11
13,3,2759
13,3,3014
13,3,3089
13,3,3169
13,3,164
13,3,3324
13,3,800
13,3,3345
13,3,3559
13,3,3560
13,3,166
13,3,3612
13,3,48
13,3,1224
13,3,22
13,3,966
13,3,346
13,3,3944
13,3,350
13,3,1227
13,3,308
13,3,4023
13,3,4124
13,3,4125
13,3,894
13,3,4126
13,3,3263
13,3,2181
13,3,2676
13,3,530
13,3,934
13,3,855
13,3,949
13,3,534
13,3,4325
13,3,111
13,3,57
13,3,2642
13,3,4311
13,3,4889
13,3,2329
13,3,5016
13,3,212
13,3,5063
13,3,294
13,3,71
57,3,2930
57,3,3177
57,3,2084
2930,3,3545
2930,3,666
2930,3,3546
2726,3,446
2726,3,2641
2726,3,412
2726,3,3551
2726,3,3552
2726,3,581
2726,3,827
2726,3,243
2726,3,3089
446,3,2641
11,3,2759
11,3,94
11,3,1670
11,3,3233
11,3,777
11,3,278
11,3,526
11,3,98
11,3,22
11,3,966
11,3,734
11,3,756
11,3,958
11,3,3075
11,3,1032
11,3,11
11,3,64
11,3,4925
11,3,2420
11,3,886
11,3,71
2759,3,32
2759,3,651
2759,3,3041
2759,3,2468
2759,3,164
2759,3,412
2759,3,2801
2759,3,3605
2759,3,832
2759,3,4028
2759,3,4079
2759,3,966
2759,3,4370
2759,3,4533
2759,3,261
2759,3,106
2759,3,48
2759,3,4712
2759,3,1169
2958,3,583
530,3,32
530,3,2975
530,3,73
32,3,2975
32,3,73
32,3,666
32,3,667
32,3,3395
32,3,966
32,3,3919
32,3,4275
32,3,1106
32,3,4276
2975,3,73
73,3,243
73,3,73
73,3,3520
73,3,3521
73,3,504
73,3,212
73,3,3003
73,3,983
73,3,966
73,3,296
73,3,4687
73,3,2625
73,3,4818
73,3,4827
73,3,261
73,3,4692
73,3,4981
73,3,4641
73,3,5005
73,3,5006
73,3,3162
73,3,5007
73,3,167
2982,3,2982
2982,3,3963
47,3,47
47,3,864
3008,3,2496
2496,3,2496
71,3,1227
71,3,2174
71,3,2834
71,3,3812
71,3,687
71,3,5101
71,3,966
1227,3,2004
1227,3,1046
1227,3,67
1227,3,3626
1227,3,134
1227,3,212
1227,3,2599
1227,3,48
1227,3,4277
1227,3,4278
1227,3,43
1238,3,1238
3016,3,248
3020,3,2742
8,3,3024
8,3,8
651,3,3041
651,3,480
651,3,651
3051,3,3052
3061,3,3062
3062,3,3062
2329,3,30
3089,3,3385
3089,3,3386
3089,3,3390
7,3,1325
7,3,3230
7,3,7
934,3,180
934,3,934
934,3,36
934,3,111
180,3,3273
180,3,1488
180,3,666
180,3,5025
180,3,4285
3144,3,3145
3144,3,3146
3145,3,3146
724,3,724
724,3,618
724,3,350
724,3,3774
724,3,3775
724,3,3279
724,3,4560
724,3,777
724,3,5136
3150,3,3151
966,3,3255
966,3,194
966,3,22
966,3,666
966,3,667
966,3,3395
966,3,3537
966,3,3606
966,3,3686
966,3,212
966,3,3047
966,3,4869
966,3,346
966,3,4870
966,3,4871
966,3,4872
966,3,5030
966,3,861
350,3,534
350,3,913
350,3,2979
350,3,350
350,3,3542
350,3,1572
350,3,3331
3177,3,2084
2174,3,2834
3225,3,3226
755,3,36
755,3,5094
48,3,3239
48,3,3240
48,3,3309
48,3,1845
48,3,2874
48,3,3871
48,3,3872
48,3,4089
48,3,4277
48,3,4278
48,3,4624
48,3,4549
48,3,48
48,3,4712
48,3,5044
3239,3,3240
58,3,3248
58,3,58
3253,3,356
3255,3,194
3255,3,22
194,3,22
194,3,3624
346,3,134
346,3,3944
346,3,4869
346,3,4870
346,3,4871
346,3,4872
134,3,30
134,3,153
3262,3,983
983,3,4166
534,3,913
534,3,2979
913,3,2979
913,3,3994
261,3,4692
3273,3,3273
2758,3,3307
243,3,243
243,3,581
243,3,827
2631,3,666
666,3,667
666,3,3395
666,3,3545
666,3,3546
666,3,666
666,3,4101
3318,3,1775
3358,3,3359
3385,3,3386
2760,3,3387
2760,3,3388
3387,3,3388
864,3,3390
864,3,3438
864,3,3506
667,3,3395
67,3,34
67,3,27
67,3,959
67,3,2088
67,3,3417
67,3,2004
67,3,1046
34,3,27
34,3,959
34,3,2088
34,3,3417
34,3,294
34,3,1454
27,3,959
27,3,2088
27,3,3417
27,3,1499
959,3,2088
959,3,3417
2088,3,3417
777,3,278
777,3,3279
278,3,4485
278,3,581
278,3,4486
153,3,3469
153,3,3494
153,3,4630
153,3,1149
153,3,5098
412,3,3551
412,3,3552
412,3,412
3486,3,3487
2481,3,691
2481,3,4484
3515,3,3516
3515,3,546
3515,3,3517
3516,3,546
3516,3,3517
546,3,3517
546,3,2018
546,3,2453
546,3,1046
3520,3,3521
3520,3,504
3521,3,504
3525,3,226
3525,3,4358
108,3,2800
108,3,2761
108,3,3533
108,3,3998
2800,3,2761
2800,3,3533
2761,3,3533
3545,3,3546
3551,3,3552
98,3,3554
98,3,526
3559,3,3560
3559,3,166
3560,3,166
581,3,894
581,3,827
581,3,4485
581,3,4486
894,3,4124
894,3,4125
894,3,4126
170,3,3629
1396,3,158
3632,3,1628
2018,3,2453
2018,3,1046
2453,3,1046
1046,3,2004
1046,3,332
1046,3,1046
1046,3,4264
1046,3,4265
2488,3,2488
3649,3,3650
832,3,1138
1261,3,3700
1261,3,3701
3700,3,3701
3153,3,900
3153,3,4340
3774,3,3775
64,3,83
64,3,560
42,3,42
212,3,3941
212,3,2599
2784,3,3840
480,3,3850
480,3,1546
3850,3,1546
2842,3,3134
3134,3,4155
3134,3,4156
3134,3,4157
3134,3,1109
3863,3,3864
3863,3,1713
3864,3,1713
3865,3,3866
3865,3,3867
3866,3,3867
3871,3,3872
3879,3,1634
1634,3,4835
139,3,2849
2849,3,4053
3890,3,3891
3930,3,3931
3930,3,3932
3930,3,3121
3930,3,3122
3931,3,3932
3931,3,3121
3931,3,3122
3932,3,3121
3932,3,3122
3121,3,3122
3955,3,3956
3955,3,3957
3956,3,3957
1032,3,821
1032,3,3075
3976,3,3977
3978,3,3979
308,3,4379
2661,3,4024
4041,3,4042
4050,3,4051
36,3,36
36,3,4071
36,3,4072
36,3,3116
36,3,3094
36,3,111
36,3,5094
4071,3,4072
4088,3,296
4124,3,4125
4124,3,4126
4125,3,4126
279,3,949
949,3,855
4155,3,4156
4155,3,4157
4155,3,1109
4156,3,4157
4156,3,1109
4157,3,1109
169,3,4160
3263,3,4759
4193,3,4194
4227,3,4228
4227,3,4229
4227,3,4230
4227,3,3301
4228,3,4229
4228,3,4230
4228,3,3301
4229,3,4230
4229,3,3301
4230,3,3301
4247,3,294
294,3,1454
332,3,4264
332,3,4265
4264,3,4265
310,3,996
4266,3,3575
4266,3,4267
3575,3,4267
4272,3,4273
4275,3,1106
4275,3,4276
1106,3,4276
4277,3,4278
756,3,4764
83,3,791
167,3,2890
167,3,5005
167,3,5006
167,3,3162
167,3,5007
4325,3,111
900,3,4340
226,3,4358
4374,3,1590
4411,3,523
4420,3,4421
4420,3,3266
4421,3,3266
3266,3,3266
4422,3,590
4422,3,2420
590,3,2420
2420,3,4925
4449,3,4450
4452,3,3716
1270,3,4470
2522,3,1805
2111,3,4476
4485,3,4486
1683,3,4495
4496,3,4497
4496,3,4498
4496,3,466
4497,3,4498
4497,3,466
4498,3,466
2124,3,1762
4571,3,364
4585,3,4586
1338,3,4638
4525,3,4639
106,3,106
4691,3,4692
4692,3,4692
4718,3,3683
1138,3,1138
1893,3,3638
4748,3,4749
4748,3,4750
4749,3,4750
401,3,1168
1136,3,4822
1136,3,2491
4822,3,2491
4869,3,4870
4869,3,4871
4869,3,4872
4870,3,4871
4870,3,4872
4871,3,4872
4881,3,4882
2642,3,4311
4886,3,4887
321,3,1568
321,3,4934
1568,3,4934
4970,3,4971
4981,3,4641
5005,3,5006
5005,3,3162
5005,3,5007
5006,3,3162
5006,3,5007
3162,3,5007
1169,3,5105
5025,3,4285
5030,3,861
1369,3,5053
1755,3,5056
353,3,5080
5133,3,2023
5134,3,5135
1037,4,21
21,4,2801
21,4,13
21,4,9
21,4,167
21,4,73
21,4,3179
21,4,8
21,4,426
21,4,900
21,4,3617
21,4,3618
21,4,2195
21,4,3666
21,4,3673
21,4,3674
21,4,2849
21,4,1227
21,4,764
21,4,709
21,4,4146
21,4,687
21,4,412
21,4,64
21,4,958
21,4,212
21,4,3047
21,4,180
21,4,3153
21,4,4323
21,4,108
21,4,2934
21,4,4056
21,4,4825
21,4,725
21,4,71
21,4,394
21,4,5051
21,4,21
21,4,2676
13,4,13
13,4,11
13,4,9
13,4,58
13,4,350
13,4,966
13,4,3491
13,4,2759
13,4,3598
13,4,3599
13,4,3699
13,4,3724
13,4,1309
13,4,446
13,4,3725
13,4,3726
13,4,126
13,4,729
13,4,397
13,4,73
13,4,764
13,4,153
13,4,409
13,4,134
13,4,687
13,4,2834
13,4,4209
13,4,4280
13,4,4281
13,4,32
13,4,828
13,4,4454
13,4,4455
13,4,4165
13,4,4456
13,4,2761
13,4,48
13,4,71
13,4,36
13,4,294
13,4,4323
13,4,4813
13,4,42
13,4,169
13,4,2611
13,4,4905
13,4,4907
13,4,4994
13,4,212
13,4,2124
13,4,261
13,4,225
13,4,5149
2758,4,2759
2759,4,2815
2759,4,2816
2759,4,9
2759,4,42
2759,4,2759
2759,4,663
2759,4,3003
2759,4,412
2759,4,3396
2759,4,23
2759,4,3397
2759,4,10
2759,4,3491
2759,4,153
2759,4,3914
2759,4,4293
11,4,9
11,4,58
11,4,350
11,4,3892
11,4,3989
11,4,134
11,4,161
11,4,4520
11,4,4584
9,4,58
9,4,9
9,4,350
9,4,243
9,4,724
9,4,2591
9,4,470
9,4,23
9,4,3095
9,4,966
9,4,167
9,4,426
9,4,900
9,4,1369
9,4,3300
9,4,3350
9,4,599
9,4,913
9,4,3519
9,4,3333
9,4,236
9,4,618
9,4,7
9,4,3685
9,4,3716
9,4,3762
9,4,1332
9,4,48
9,4,2849
9,4,1227
9,4,36
9,4,178
9,4,3908
9,4,3433
9,4,3940
9,4,294
9,4,764
9,4,709
9,4,153
9,4,4037
9,4,2728
9,4,607
9,4,608
9,4,304
9,4,57
9,4,777
9,4,4123
9,4,2329
9,4,687
9,4,64
9,4,4252
9,4,4280
9,4,4281
9,4,32
9,4,276
9,4,22
9,4,2726
9,4,4397
9,4,296
9,4,3651
9,4,828
9,4,574
9,4,4570
9,4,581
9,4,212
9,4,73
9,4,4616
9,4,71
9,4,4720
9,4,2705
9,4,144
9,4,4381
9,4,177
9,4,760
9,4,4832
9,4,4948
9,4,4949
9,4,1671
9,4,394
9,4,3047
9,4,5057
9,4,4285
9,4,180
9,4,5058
9,4,343
9,4,5059
9,4,2124
9,4,409
9,4,225
9,4,5149
58,4,350
58,4,2853
58,4,2854
58,4,7
58,4,22
58,4,23
58,4,2855
58,4,1195
58,4,1956
58,4,3172
58,4,58
350,4,23
350,4,724
350,4,3095
350,4,350
350,4,276
350,4,64
2790,4,22
2790,4,352
2790,4,111
22,4,352
22,4,111
22,4,2853
22,4,2854
22,4,7
22,4,23
22,4,2855
22,4,1195
22,4,1956
22,4,3410
22,4,2726
22,4,4397
352,4,111
2815,4,2816
2853,4,2854
2853,4,7
2853,4,23
2853,4,2855
2853,4,1195
2853,4,1956
2854,4,7
2854,4,23
2854,4,2855
2854,4,1195
2854,4,1956
7,4,23
7,4,7
7,4,2855
7,4,1195
7,4,1956
7,4,3630
7,4,343
23,4,23
23,4,2855
23,4,1195
23,4,1956
23,4,724
23,4,412
23,4,3396
23,4,3397
23,4,3410
23,4,236
23,4,2892
23,4,225
2855,4,1195
2855,4,1956
1195,4,1956
2856,4,2857
2863,4,2864
2863,4,2865
2863,4,2866
2863,4,2867
2863,4,2868
2863,4,2869
2864,4,2865
2864,4,2866
2864,4,2867
2864,4,2868
2864,4,2869
2865,4,2866
2865,4,2867
2865,4,2868
2865,4,2869
2866,4,2867
2866,4,2868
2866,4,2869
2867,4,2868
2867,4,2869
2868,4,2869
243,4,530
243,4,4256
2904,4,38
38,4,1625
38,4,3147
38,4,1524
38,4,3550
38,4,4321
38,4,95
724,4,2591
724,4,470
724,4,73
2591,4,2591
2591,4,470
42,4,42
42,4,966
42,4,3164
42,4,161
42,4,3380
42,4,864
42,4,4271
42,4,1524
42,4,4813
42,4,169
42,4,2611
832,4,832
832,4,278
2961,4,2962
2961,4,2963
2961,4,2964
2962,4,2963
2962,4,2964
2963,4,2964
465,4,39
2995,4,2996
2995,4,2742
2996,4,2742
2996,4,2996
966,4,3380
966,4,864
966,4,236
966,4,3391
966,4,618
966,4,32
966,4,966
966,4,3457
966,4,326
966,4,3653
966,4,3654
966,4,1306
2982,4,371
2982,4,2982
236,4,1227
236,4,3391
236,4,618
236,4,32
236,4,2892
1227,4,167
1227,4,2849
1227,4,153
1227,4,73
170,4,2805
170,4,3529
170,4,3530
3049,4,3050
261,4,73
261,4,153
73,4,3059
73,4,194
73,4,687
73,4,1503
73,4,515
73,4,3502
73,4,712
73,4,3839
73,4,32
73,4,4013
73,4,73
73,4,2455
73,4,2264
73,4,2726
73,4,446
73,4,153
73,4,48
73,4,4897
73,4,725
73,4,5021
180,4,666
180,4,180
180,4,3057
180,4,3047
180,4,167
180,4,5057
180,4,4285
180,4,5058
180,4,343
180,4,5059
666,4,666
666,4,3057
666,4,32
1902,4,3090
1902,4,2161
1902,4,3136
1902,4,3137
1902,4,3138
1902,4,1505
294,4,3097
294,4,3433
294,4,3940
294,4,1671
3123,4,3124
2161,4,3136
2161,4,3137
2161,4,3138
2161,4,1505
3136,4,3137
3136,4,3138
3136,4,1505
3137,4,3138
3137,4,1505
3138,4,1505
1625,4,3147
1625,4,1524
1625,4,3339
3147,4,1524
1524,4,4271
167,4,2849
167,4,5057
167,4,4285
167,4,5058
167,4,343
167,4,5059
3164,4,161
161,4,1296
161,4,4520
161,4,161
1469,4,3202
1469,4,3203
3202,4,3203
426,4,900
694,4,67
3264,4,3265
3270,4,1043
194,4,3327
194,4,687
194,4,4400
3331,4,177
3331,4,3332
177,4,3332
177,4,777
177,4,4636
177,4,760
3374,4,3375
3374,4,3376
3375,4,3376
3380,4,864
3391,4,618
3391,4,32
618,4,32
32,4,32
32,4,3839
32,4,4280
32,4,4281
32,4,5132
412,4,3396
412,4,3397
412,4,64
412,4,412
412,4,3675
412,4,153
412,4,2506
3396,4,3397
599,4,5129
3477,4,3477
913,4,212
913,4,3849
913,4,913
3519,4,3333
3529,4,3530
2821,4,3586
2821,4,4506
2821,4,2821
3598,4,3599
3617,4,3618
1503,4,515
1503,4,3502
515,4,3502
343,4,5057
343,4,4285
343,4,5058
343,4,5059
983,4,248
983,4,5031
983,4,17
3653,4,3654
3653,4,1306
3654,4,1306
258,4,3655
3673,4,3674
1204,4,385
3716,4,4983
3716,4,4984
3724,4,1309
3724,4,446
3724,4,3725
3724,4,3726
3724,4,126
3724,4,729
3724,4,397
1309,4,446
1309,4,3725
1309,4,3726
1309,4,126
1309,4,729
1309,4,397
446,4,3725
446,4,3726
446,4,126
446,4,729
446,4,397
446,4,2726
3725,4,3726
3725,4,126
3725,4,729
3725,4,397
3726,4,126
3726,4,729
3726,4,397
126,4,729
126,4,397
729,4,397
729,4,4714
3728,4,546
1948,4,3752
34,4,2911
34,4,2761
1332,4,48
48,4,4300
48,4,4301
48,4,4225
48,4,3346
2849,4,934
3807,4,3808
36,4,178
36,4,36
36,4,3094
3822,4,536
212,4,3849
2979,4,2979
153,4,3914
153,4,2506
3433,4,3940
764,4,296
764,4,958
3974,4,3975
696,4,3987
696,4,3988
3987,4,3988
3996,4,3997
409,4,134
409,4,1381
1592,4,4066
1050,4,1050
1113,4,1830
1830,4,1830
607,4,608
607,4,304
608,4,304
57,4,777
57,4,4123
777,4,4123
777,4,4636
4177,4,756
4189,4,4190
2834,4,4209
1046,4,1069
4280,4,4281
4300,4,4301
225,4,5149
4313,4,4314
4321,4,95
4363,4,4364
2726,4,4397
2726,4,4897
958,4,4018
4441,4,4442
4454,4,4455
4454,4,4165
4454,4,4456
4454,4,2761
4455,4,4165
4455,4,4456
4455,4,2761
4165,4,4456
4165,4,2761
4456,4,2761
2659,4,4479
2659,4,4480
2659,4,135
4479,4,4480
4479,4,135
4480,4,135
135,4,981
4490,4,4491
4570,4,581
44,4,44
2959,4,4239
3047,4,394
4598,4,4599
4598,4,4600
4599,4,4599
4599,4,4600
598,4,353
71,4,4948
71,4,4949
71,4,2124
4655,4,144
4655,4,588
144,4,588
144,4,144
4710,4,4711
4720,4,2705
4725,4,784
108,4,5124
1183,4,4793
4813,4,169
4813,4,2611
169,4,2611
4874,4,4874
4948,4,4949
4966,4,1203
4967,4,4968
4983,4,4984
5031,4,17
5057,4,4285
5057,4,5058
5057,4,5059
4285,4,5058
4285,4,5059
5058,4,5059
5083,4,3521
5117,4,5118
800,5,2759
1325,5,161
1325,5,756
1325,5,13
161,5,756
161,5,13
756,5,13
13,5,371
13,5,4148
13,5,9
13,5,21
13,5,13
3100,5,170
3100,5,3101
3100,5,3102
3100,5,666
3100,5,3103
3100,5,3104
3100,5,3105
170,5,3101
170,5,3102
170,5,666
170,5,3103
170,5,3104
170,5,3105
3101,5,3102
3101,5,666
3101,5,3103
3101,5,3104
3101,5,3105
3102,5,666
3102,5,3103
3102,5,3104
3102,5,3105
666,5,3103
666,5,3104
666,5,3105
666,5,21
3103,5,3104
3103,5,3105
3104,5,3105
34,5,3569
34,5,3570
3569,5,3570
9,5,9
9,5,48
9,5,38
9,5,371
9,5,4148
9,5,11
9,5,180
9,5,4285
9,5,343
21,5,225
21,5,724
21,5,261
225,5,724
225,5,261
225,5,225
724,5,261
153,5,687
48,5,38
2934,5,3933
2534,5,371
371,5,371
371,5,4148
11,5,180
11,5,4285
11,5,343
180,5,180
180,5,4285
180,5,343
4285,5,343
343,5,343
